nWC | f, sP, d, e |  f, sP, d, e | f, sP, d, e | alpha
0 1846 0.189022 1 0.289037 2631 0.0567725 1 0.148328 1912 0.307523 1 0.0977536 0.559812
1 2185 0.145948 1 0.338722 2237 0.101793 -1 0.134676 4040 0.218752 1 0.15106 0.458094
2 1565 0.443801 -1 0.36697 1940 0.136753 1 0.0939615 2911 0.00018226 -1 0.214943 0.402624
3 1444 0.676409 1 0.348442 1039 0.529848 -1 0.251862 1508 0.749624 1 0.0522049 0.414004
4 613 0.356312 1 0.37333 610 0.369232 -1 0.15117 4045 0.193764 1 0.175354 0.361974
5 1810 0.155858 1 0.393333 1871 0.19486 -1 0.212897 3910 0.167606 1 0.106907 0.377336
6 3163 0.122201 1 0.404812 414 0.219453 1 0.254278 2111 0.0134413 -1 0.0898267 0.322527
7 204 0.179703 -1 0.391429 2265 0.0372772 1 0.102332 2067 0.0281414 -1 0.238012 0.33088
8 1964 0.183314 1 0.408688 3591 0.0744626 1 0.200072 2027 0.196541 1 0.152171 0.304596
9 2342 0.12405 1 0.404406 2339 0.155414 -1 0.12668 3989 0.210518 1 0.230435 0.293954
10 1452 0.630661 -1 0.405005 1797 0.0694126 1 0.13595 1684 0.0315825 -1 0.193013 0.356439
11 2692 0.115304 1 0.410257 4004 0.0684889 1 0.178416 2385 0.155986 1 0.187542 0.274798
12 1341 0.604102 -1 0.417676 2265 0.064351 1 0.235453 1279 0.403254 -1 0.12951 0.276944
13 344 0.204345 1 0.415772 1939 0.0980357 1 0.2874 3754 0.2083 1 0.08439 0.262272
14 242 0.193114 -1 0.409339 1075 0.506827 -1 0.136185 2228 0.189319 1 0.212866 0.311606
15 3483 0.059489 1 0.419723 614 0.318892 1 0.283782 3623 0.219614 1 0.0879763 0.262341
16 2631 0.15156 1 0.411551 2570 0.111455 -1 0.11877 2527 0.00126946 -1 0.223438 0.326735
17 86 0.209703 1 0.416866 3163 0.0639792 1 0.262487 893 0.56917 1 0.104522 0.272536
18 3910 0.129899 1 0.422643 3876 0.130492 -1 0.130153 1034 0.472681 -1 0.237507 0.271134
19 1764 0.150236 1 0.426535 3412 0.0152549 1 0.144715 3298 0.21341 1 0.228917 0.258334
20 1506 0.718165 -1 0.424567 447 0.354635 -1 0.216131 613 0.373448 1 0.144533 0.28624
21 3591 0.171285 1 0.421621 3589 0.204756 -1 0.121999 1246 0.58689 1 0.248753 0.264495
22 4025 0.0663221 1 0.430328 4158 0.0668942 -1 0.25282 3993 0.0794002 1 0.116463 0.267647
23 240 0.212468 -1 0.430449 100 0.188578 1 0.179554 2311 0.140594 1 0.195414 0.255481
24 1448 0.640424 -1 0.427869 2190 0.0277653 1 0.103241 2058 0.0658327 -1 0.271058 0.256907
25 1968 0.175839 1 0.422948 1902 0.18133 -1 0.226955 1971 0.187746 1 0.144584 0.262809
26 1024 0.499413 1 0.426147 1031 0.56922 -1 0.247359 3775 0.00656337 -1 0.130327 0.249691
27 1078 0.489456 -1 0.424149 1054 0.478072 1 0.120533 4004 0.150435 1 0.252453 0.259715
28 513 0.320085 -1 0.431309 614 0.318892 1 0.0944218 2475 0.183962 1 0.278782 0.259249
29 614 0.335613 1 0.418305 1803 0.0782002 1 0.28597 677 0.338334 1 0.0778132 0.279491
30 1664 0.215546 1 0.420492 1649 0.770259 -1 0.0742532 2221 0.212578 1 0.311005 0.233645
31 1469 0.61119 -1 0.424408 1446 0.831635 -1 0.256678 3932 0.049787 -1 0.125757 0.239613
32 4042 0.151689 1 0.425593 4038 0.220252 -1 0.155238 4079 0.111467 1 0.216698 0.26196
33 2062 0.0326334 -1 0.420791 1933 0.0764119 1 0.0441322 2262 0.245306 1 0.339109 0.237907
34 3890 0.0527962 1 0.420897 3689 0.211147 -1 0.324774 3954 0.121781 1 0.0587291 0.237352
35 1686 0.0376562 -1 0.419488 3555 0.0629172 1 0.0924756 3296 0.315303 1 0.278116 0.264841
36 788 0.337752 -1 0.431145 1029 0.562971 -1 0.210587 614 0.378333 1 0.167916 0.247952
37 3296 0.0187321 -1 0.426604 2555 0.0190748 1 0.0457252 3755 0.17373 1 0.346814 0.218325
38 1812 0.161524 1 0.429926 2659 0.0491107 1 0.277725 1807 0.295721 1 0.106475 0.235879
39 1065 0.495111 -1 0.427264 1028 0.492046 1 0.139655 3327 0.0143263 -1 0.232601 0.261274
40 1535 0.739383 -1 0.424811 318 0.33702 -1 0.35249 3999 0.0121788 -1 0.0319912 0.235285
41 3120 0.194463 1 0.420414 3260 0.190839 -1 0.0584408 1442 0.453145 -1 0.32245 0.242885
42 1498 0.711729 1 0.434302 3035 0.314791 -1 0.220389 1453 0.781807 1 0.167007 0.229134
43 2076 0.0399149 -1 0.428261 4126 0.00737237 1 0.182756 4159 0.011082 -1 0.18973 0.260784
44 4040 0.11342 1 0.433682 2342 0.047824 1 0.270799 4104 0.155754 1 0.10783 0.247686
45 1417 0.645627 -1 0.427754 1322 0.624023 1 0.131897 1148 0.544791 1 0.228741 0.286297
46 540 0.354068 -1 0.423319 222 0.256622 1 0.322859 148 0.144382 -1 0.0582908 0.242335
47 4026 0.0685795 1 0.428767 3999 0.093718 -1 0.214091 1674 0.0378393 -1 0.16765 0.241083
48 178 0.192038 -1 0.433329 3103 0.163765 -1 0.138685 1885 0.0106959 -1 0.243375 0.240406
49 3480 0.0840025 -1 0.431948 3112 0.24448 -1 0.248023 1129 0.481021 -1 0.134352 0.239741
50 3518 0.0948786 1 0.431318 1806 0.152054 1 0.111796 3881 0.191357 1 0.274568 0.231311
51 646 0.34405 1 0.431818 774 0.372131 -1 0.241409 581 0.345782 1 0.121261 0.281897
52 1513 0.616652 -1 0.434224 2348 0.0487294 1 0.0909071 2217 0.218066 1 0.290052 0.24274
53 2848 0.124109 -1 0.43418 2538 0.0255228 1 0.310494 1232 0.570342 1 0.0774256 0.228034
54 3555 0.139315 1 0.435289 3491 0.162702 -1 0.12136 1665 0.330378 1 0.265403 0.23047
55 3133 0.167197 -1 0.430568 2779 0.0365175 1 0.234957 3958 0.183516 1 0.146297 0.242114
56 610 0.328874 -1 0.434675 3482 0.0452436 1 0.137905 1878 0.346077 1 0.247655 0.233007
57 1457 0.738378 -1 0.435549 3502 0.0432285 1 0.2659 1423 0.655842 -1 0.108314 0.25709
58 1415 0.773843 1 0.438201 294 0.181776 1 0.175203 1413 0.76669 1 0.21233 0.228847
59 2888 0.127956 1 0.432897 2833 0.122327 -1 0.088539 242 0.14522 -1 0.301117 0.224379
60 1259 0.664941 -1 0.433539 2212 0.0349034 1 0.172054 3232 0.22472 1 0.210134 0.240136
61 1708 0.156742 1 0.43617 3285 0.013495 1 0.177936 3976 0.200472 1 0.203449 0.241837
62 1942 0.213526 1 0.436175 2019 0.0587443 1 0.209123 1936 0.253205 1 0.183618 0.217904
63 937 0.498871 -1 0.434822 511 0.352752 -1 0.155253 1677 0.040339 -1 0.223151 0.248164
64 2261 0.141312 1 0.436045 1771 0.0967626 1 0.132912 2353 0.136149 1 0.253541 0.231124
65 2486 0.0520555 -1 0.433278 410 0.192247 1 0.159374 2495 0.0147445 -1 0.221481 0.242961
66 926 0.499548 1 0.441958 3364 0.0413815 1 0.239107 3152 0.211821 1 0.143064 0.24017
67 3327 0.0504783 -1 0.434487 209 0.272204 -1 0.0941405 135 0.268592 1 0.289111 0.237885
68 3875 0.0949464 -1 0.436235 1829 0.0636589 1 0.252785 3976 0.0661428 -1 0.12569 0.248014
69 3986 0.141737 1 0.429679 1693 0.0434392 -1 0.0972381 4024 0.164593 1 0.28098 0.248559
70 2663 0.110706 1 0.432779 3178 0.186515 -1 0.240848 3487 0.0193432 -1 0.147741 0.226623
71 4045 0.120058 1 0.437238 1980 0.0892025 -1 0.177444 3943 0.134143 1 0.204292 0.241093
72 1449 0.566509 -1 0.432003 2156 0.0531277 1 0.0948037 558 0.388696 1 0.294128 0.225902
73 444 0.355382 -1 0.429137 1030 0.563468 -1 0.33283 201 0.159117 -1 0.0549694 0.228285
74 2222 0.240776 1 0.429861 3099 0.0863217 1 0.0240823 1047 0.47438 -1 0.374335 0.206032
75 645 0.34814 1 0.426673 1148 0.485011 1 0.216631 620 0.357223 1 0.156982 0.258374
76 617 0.337208 -1 0.433972 2623 0.0422882 1 0.182427 3250 0.200458 1 0.206291 0.226352
77 1850 0.0666482 1 0.432032 2301 0.123916 -1 0.244675 2165 0.205598 1 0.138783 0.237448
78 1372 0.503234 -1 0.430135 3612 0.12928 -1 0.114529 3737 0.132967 1 0.268776 0.237771
79 2457 0.0647731 1 0.434542 3295 0.238729 -1 0.188265 1529 0.795442 1 0.194313 0.23931
80 3635 0.0522459 -1 0.435823 4080 0.0415087 1 0.185976 3312 0.0324617 -1 0.194955 0.242799
81 1594 0.668034 -1 0.443557 3547 0.0512494 1 0.187705 1653 0.530123 -1 0.202643 0.222925
82 3300 0.111316 1 0.441031 3555 0.0744067 1 0.189502 4053 0.204836 1 0.198986 0.226836
83 2247 0.113865 1 0.440996 2786 0.146163 -1 0.22353 2153 0.133365 1 0.159666 0.238004
84 1856 0.258518 1 0.431163 24 0.183409 1 0.0615847 1475 0.5844 -1 0.331022 0.218184
85 2691 0.0866837 1 0.432201 2869 0.0211389 1 0.254194 2628 0.111724 1 0.132413 0.230799
86 2470 0.162396 1 0.436028 2639 0.120065 -1 0.0506912 2374 0.17795 1 0.348863 0.203661
87 549 0.326184 1 0.428241 1445 0.835946 -1 0.309593 646 0.33686 1 0.0741151 0.23692
88 1580 0.800232 1 0.431636 2603 0.125255 -1 0.0901092 1001 0.475873 -1 0.295397 0.23312
89 3591 0.108055 1 0.438161 1489 0.751887 -1 0.244544 3977 0.185394 1 0.145213 0.224168
90 2111 0.0329316 -1 0.436685 2264 0.0345126 1 0.172593 3120 0.158407 1 0.208252 0.242981
91 2311 0.0995864 1 0.432348 2372 0.130896 -1 0.179796 3925 0.171187 1 0.210906 0.222182
92 1812 0.219745 1 0.43989 1821 0.107642 -1 0.200345 1858 0.239128 1 0.185816 0.231739
93 3107 0.149576 1 0.442364 3140 0.198798 -1 0.178258 3104 0.1589 1 0.208125 0.231271
94 1440 0.724456 -1 0.434218 2605 0.0239835 1 0.261993 1377 0.694869 -1 0.122273 0.235739
95 1729 0.161097 1 0.43545 3166 0.216849 -1 0.116408 3749 0.173111 1 0.277187 0.216112
96 2810 0.0596698 1 0.442105 2776 0.120756 -1 0.282527 1467 0.764309 1 0.102953 0.233175
97 396 0.179873 -1 0.434866 317 0.148329 1 0.0772772 2067 0.0400611 -1 0.305148 0.239634
98 3007 0.0986989 -1 0.437708 1661 0.659738 -1 0.202738 2330 0.144759 1 0.189019 0.219967
99 3678 0.0576739 1 0.440535 327 0.168157 1 0.221335 2333 0.0177852 -1 0.164372 0.232697
100 4073 0.164954 1 0.438692 4002 0.148955 -1 0.153897 3791 0.169595 1 0.238601 0.218411
101 3594 0.0678226 -1 0.441993 3559 0.0546713 1 0.204542 1691 0.0104676 -1 0.179769 0.235645
102 2191 0.139896 1 0.44074 763 0.352556 -1 0.101246 1636 0.8425 1 0.287641 0.225996
103 3922 0.0467497 1 0.431385 1363 0.835879 -1 0.344582 547 0.31617 -1 0.0489997 0.21614
104 3743 0.0228497 -1 0.429311 3710 0.0184638 1 0.0721083 3318 0.00974457 -1 0.320892 0.217359
105 897 0.493939 1 0.427102 668 0.317285 1 0.283728 1888 0.0302458 -1 0.0976233 0.241908
106 1109 0.491242 -1 0.426686 1414 0.834689 -1 0.123116 2343 0.161801 1 0.255526 0.247657
107 1414 0.75446 1 0.438838 3884 0.0643083 1 0.233595 1382 0.765456 1 0.158271 0.219736
108 4141 0.0829554 -1 0.432694 2618 0.0311083 1 0.200913 1897 0.0653452 -1 0.183821 0.234751
109 1890 0.163243 1 0.439146 1930 0.291098 -1 0.109017 2291 0.138741 1 0.285469 0.214247
110 1448 0.738801 -1 0.442683 2859 0.0295158 1 0.241402 3775 0.0127882 -1 0.151034 0.218542
111 3973 0.139729 1 0.43728 3938 0.126191 -1 0.154644 4012 0.201064 1 0.235693 0.222949
112 3130 0.150338 1 0.447977 3048 0.123878 -1 0.213651 4031 0.0294965 -1 0.179653 0.216722
113 2631 0.142926 1 0.444909 3587 0.0461612 1 0.159912 2727 0.154721 1 0.232011 0.21962
114 2666 0.0793428 -1 0.4361 2427 0.0277724 1 0.239061 1911 0.327467 1 0.143719 0.238882
115 236 0.175096 -1 0.440068 322 0.206642 1 0.106098 1404 0.395678 -1 0.290011 0.210853
116 2221 0.038821 1 0.435143 2643 0.105516 -1 0.366093 1528 0.825179 1 0.0354025 0.199618
117 2994 0.086753 1 0.43628 409 0.207098 1 0.173204 3340 0.0977589 1 0.216491 0.224299
118 1700 0.187606 1 0.442652 2179 0.135576 -1 0.0940228 2048 0.359073 1 0.312858 0.188438
119 3365 0.045361 1 0.438471 3373 0.116032 -1 0.298769 2979 0.224162 1 0.0910819 0.22397
120 3045 0.0980129 -1 0.444855 1032 0.528104 -1 0.189532 2469 0.130615 1 0.203367 0.217571
121 2464 0.0512984 -1 0.446071 2296 0.028471 1 0.171127 1648 0.559188 -1 0.222537 0.215969
122 1369 0.761403 1 0.440948 1298 0.791047 -1 0.113834 4083 0.13254 1 0.278391 0.218984
123 3250 0.104545 1 0.443985 1968 0.0468562 1 0.143361 3150 0.0892954 1 0.255206 0.205718
124 3115 0.0368045 -1 0.43506 48 0.283365 -1 0.115168 3122 0.017054 -1 0.273754 0.225924
125 209 0.217769 -1 0.439857 1872 0.108488 -1 0.220855 3436 0.121624 1 0.165337 0.231673
126 1806 0.104318 1 0.426678 262 0.192453 1 0.301613 1677 0.229613 1 0.0831811 0.234625
127 203 0.219697 -1 0.434686 1822 0.00871222 1 0.202757 1517 0.79842 1 0.188877 0.220225
128 373 0.259813 1 0.441526 83 0.240969 1 0.139628 1421 0.521184 -1 0.237234 0.251445
129 352 0.287583 -1 0.430794 1029 0.487507 1 0.264873 2066 0.34471 1 0.119227 0.236091
130 1410 0.628359 -1 0.441823 1058 0.536508 -1 0.133775 264 0.304862 1 0.263398 0.208628
131 1894 0.082872 1 0.438187 2871 0.0426372 1 0.311557 2196 0.131429 1 0.0887539 0.202084
132 614 0.364661 1 0.436045 2317 0.0384994 1 0.141064 1902 0.0866264 -1 0.24237 0.237498
133 2775 0.0322589 -1 0.43713 1848 0.117258 1 0.116103 2096 0.0315445 -1 0.273825 0.223809
134 1934 0.107217 1 0.438906 3067 0.0994452 1 0.295183 2001 0.192688 1 0.0972631 0.21852
135 2943 0.0620898 -1 0.434907 2399 0.0881827 -1 0.127218 2293 0.184604 1 0.263444 0.222265
136 1065 0.501063 -1 0.436767 1026 0.483568 1 0.186904 1012 0.490741 -1 0.193577 0.243752
137 3591 0.108055 1 0.433567 614 0.329876 1 0.238813 3534 0.128013 1 0.144358 0.238055
138 743 0.33271 -1 0.436171 2233 0.0467757 1 0.161069 3807 0.017943 -1 0.221064 0.240252
139 925 0.525548 1 0.425955 1375 0.692228 -1 0.108465 2036 0.0298696 -1 0.270475 0.247025
140 1274 0.657473 -1 0.432605 1464 0.596441 1 0.2102 2936 0.0398136 -1 0.165146 0.254676
141 1797 0.092498 1 0.435086 3390 0.0272481 1 0.293766 2308 0.136587 1 0.0933686 0.229687
142 214 0.169352 -1 0.433285 90 0.139339 1 0.076059 255 0.30827 1 0.31134 0.22913
143 2187 0.103084 1 0.441054 4076 0.0920003 1 0.238877 2283 0.148318 1 0.151403 0.223066
144 1938 0.120259 1 0.441488 1426 0.777354 -1 0.32482 2006 0.208722 1 0.0683624 0.216977
145 3187 0.0818969 1 0.434892 3598 0.11032 -1 0.129759 2916 0.329208 1 0.256564 0.231396
146 1939 0.198812 1 0.429958 2997 0.0284269 1 0.22358 2914 0.230451 1 0.154397 0.249071
147 3989 0.111175 1 0.44128 3677 0.126379 -1 0.185969 3898 0.0941864 1 0.197533 0.237356
148 2072 0.0297578 -1 0.436236 4023 0.0465947 1 0.0762188 3511 0.0234406 -1 0.305749 0.240602
149 209 0.254984 -1 0.432079 1510 0.849878 -1 0.302222 235 0.20698 -1 0.0862279 0.226917
150 200 0.238259 1 0.43828 2260 0.0757701 1 0.175837 1096 0.485832 -1 0.212382 0.227404
151 614 0.363583 1 0.432531 738 0.365059 -1 0.151317 1448 0.550566 -1 0.232898 0.235848
152 2438 0.0605752 1 0.440508 2639 0.0849341 -1 0.275274 2495 0.00483206 -1 0.120627 0.211288
153 1511 0.764416 1 0.440816 3578 0.0485154 1 0.194193 2726 0.144766 1 0.197315 0.220488
154 1347 0.6841 -1 0.439412 400 0.292151 -1 0.183936 3607 0.0277533 -1 0.205204 0.225464
155 1707 0.163866 1 0.443655 1771 0.423398 -1 0.171812 3976 0.181461 1 0.223236 0.213071
156 3301 0.118071 1 0.440076 285 0.232411 1 0.182306 3272 0.134722 1 0.210503 0.217761
157 1902 0.155628 -1 0.440355 3295 0.171563 -1 0.23958 3087 0.116693 1 0.145067 0.234934
158 1967 0.212141 1 0.44379 3047 0.147094 -1 0.193534 1890 0.17598 1 0.202089 0.21187
159 1489 0.640896 -1 0.442907 1361 0.625595 1 0.141861 1556 0.645325 -1 0.238809 0.243353
160 2691 0.100355 1 0.441491 3555 0.0724084 1 0.21158 2659 0.114495 1 0.172251 0.236658
161 2658 0.0795307 -1 0.434396 2234 0.0222222 1 0.176433 3596 0.0250287 -1 0.21509 0.220457
162 3550 0.0681474 1 0.440105 2272 0.16033 -1 0.193302 2943 5.32132e-09 -1 0.195445 0.226292
163 3999 0.0325755 -1 0.437198 1228 0.527428 -1 0.15232 1692 0.0218509 -1 0.23142 0.236853
164 3810 0.0414748 1 0.438959 2379 0.0440264 1 0.300579 1474 0.237595 -1 0.0897095 0.22305
165 3744 0.0448612 -1 0.43685 1862 0.0812926 1 0.150334 2080 0.0310644 -1 0.233187 0.237314
166 2113 0.0613097 1 0.43894 759 0.318199 1 0.211381 3315 0.0187009 -1 0.172833 0.235849
167 1863 0.0728498 -1 0.43857 2183 0.0635282 1 0.120178 1331 0.623066 -1 0.27001 0.223261
168 1361 0.725244 1 0.439132 3938 0.125415 -1 0.186206 3921 0.13384 1 0.195927 0.240252
169 2911 0.119767 1 0.435238 2879 0.16969 -1 0.0703453 1659 0.335879 -1 0.320875 0.221093
170 220 0.194971 1 0.429806 1032 0.542873 -1 0.354129 3044 0.0568742 -1 0.0365509 0.222227
171 3960 0.14104 1 0.437092 4062 0.127702 -1 0.10011 3761 0.173981 1 0.278882 0.246914
172 2766 0.0420872 1 0.433102 1490 0.779621 -1 0.287411 1340 0.509891 -1 0.0994305 0.230305
173 2329 0.107168 1 0.436412 3605 0.0982263 -1 0.153321 1369 0.789595 1 0.230759 0.236134
174 4128 0.0401063 -1 0.440871 2207 0.0911953 -1 0.146278 171 0.158691 -1 0.251174 0.208047
175 1154 0.509818 1 0.430841 4034 0.0414918 1 0.202487 693 0.314332 -1 0.182175 0.234904
176 1444 0.734395 1 0.443456 1413 0.857936 -1 0.254094 1509 0.774455 1 0.133952 0.227766
177 2158 0.184487 1 0.427257 2650 0.0576264 1 0.04757 3306 0.278453 1 0.347859 0.212274
178 1601 0.780027 -1 0.432838 353 0.314488 -1 0.325719 1038 0.558184 1 0.0616663 0.229157
179 327 0.274946 1 0.437403 1525 0.672661 1 0.107841 2093 0.025838 -1 0.280649 0.226832
180 984 0.515398 -1 0.436422 2538 0.124921 -1 0.24751 119 0.273229 1 0.139616 0.229705
181 2027 0.146004 1 0.442923 2951 0.0473991 1 0.222301 38 0.165418 -1 0.161978 0.235713
182 4047 0.135369 1 0.443361 4141 0.22033 -1 0.124229 4112 0.127779 1 0.268088 0.218792
183 4145 0.0703654 -1 0.443962 1774 0.297843 -1 0.171245 3841 0.0493745 -1 0.215906 0.229652
184 3910 0.11055 1 0.446582 2664 0.0512347 1 0.177192 2418 0.147825 1 0.222239 0.203917
185 3460 0.0891292 -1 0.442082 3641 0.0267098 1 0.223223 853 0.571459 1 0.162772 0.232089
186 3135 0.119877 -1 0.444057 2143 0.0964338 -1 0.23722 3588 0.16112 1 0.151919 0.225466
187 3026 0.142484 1 0.437442 1808 0.0651353 1 0.0713144 2495 0.00480987 -1 0.319931 0.221041
188 2750 0.0366229 1 0.435395 2973 0.265025 -1 0.312621 3327 1.79992e-08 -1 0.0790086 0.220233
189 1481 0.594413 -1 0.439603 1994 0.115623 1 0.109983 1033 0.490706 -1 0.275852 0.232427
190 1056 0.508595 1 0.425807 1770 0.0735089 1 0.217697 2340 0.053382 -1 0.166276 0.23636
191 3526 0.148253 1 0.4328 3195 0.0982573 1 0.101765 2250 0.22585 1 0.289796 0.220377
192 1815 0.160617 1 0.433609 1983 0.0878074 -1 0.242522 4051 0.18341 1 0.141549 0.236153
193 3385 0.101791 -1 0.437263 3483 0.043712 1 0.257126 3768 0.0424403 -1 0.130003 0.229698
194 4055 0.197843 1 0.440521 4155 0.121729 -1 0.0441883 2015 0.19106 1 0.354058 0.20639
195 614 0.329593 1 0.430896 1844 0.124042 1 0.320043 2164 0.213702 1 0.0584119 0.248057
196 1448 0.655157 -1 0.432756 729 0.365424 -1 0.134037 512 0.316539 -1 0.246887 0.242813
197 614 0.368335 1 0.442208 447 0.32655 1 0.133472 1919 0.231364 1 0.257866 0.220847
198 2341 0.080426 1 0.429286 254 0.174363 1 0.250023 3466 0.110452 1 0.133734 0.236816
199 1080 0.497871 -1 0.435683 243 0.234608 -1 0.158344 2184 0.249979 1 0.221363 0.245397
200 1821 0.0318779 -1 0.442266 88 0.197082 1 0.156191 1862 0.193718 1 0.230265 0.231116
201 3166 0.229784 -1 0.438966 3496 0.0331947 1 0.343746 1684 0.0254727 -1 0.0533762 0.208734
202 2663 0.20529 1 0.430516 2306 0.123129 -1 0.0699379 1664 0.385354 1 0.324048 0.215294
203 2160 0.0556674 1 0.43542 2257 0.139211 -1 0.296856 2257 0.114062 1 0.0921893 0.225664
204 1681 0.072245 -1 0.44036 1208 0.485432 1 0.134759 2058 0.0573029 -1 0.260377 0.212887
205 2020 0.0661361 1 0.438671 1555 0.800086 -1 0.289014 1683 0.365465 1 0.109429 0.205978
206 642 0.330677 -1 0.444472 613 0.323467 1 0.16368 4156 0.00569693 -1 0.23123 0.21336
207 1911 0.160706 1 0.434738 3107 0.0749842 1 0.259801 2943 0.0620452 -1 0.125866 0.232782
208 2187 0.143617 1 0.439253 4039 0.0773366 1 0.152035 1261 0.836265 1 0.241128 0.217019
209 3533 0.0540947 1 0.442343 3177 0.13652 -1 0.269539 4008 0.181571 1 0.118894 0.226953
210 1380 0.791764 1 0.43418 1445 0.859988 -1 0.109937 563 0.313466 -1 0.279555 0.224723
211 1457 0.717974 -1 0.440345 2760 0.0568517 1 0.238317 1488 0.667484 -1 0.138456 0.251632
212 652 0.344038 1 0.444199 257 0.184201 1 0.173238 1031 0.481223 -1 0.21523 0.226878
213 207 0.211977 -1 0.444919 1123 0.481179 1 0.197981 3861 0.0354459 -1 0.186757 0.234742
214 168 0.237718 1 0.440549 803 0.364389 -1 0.176981 261 0.281018 1 0.21356 0.222519
215 197 0.252859 -1 0.436189 2012 0.0931846 -1 0.263982 2518 0.159014 1 0.126746 0.222127
216 2266 0.112402 1 0.439654 2589 0.146955 -1 0.107504 2260 0.163966 1 0.277161 0.234898
217 3957 0.0500732 1 0.434997 1070 0.544478 -1 0.343975 1498 0.837825 1 0.0512006 0.212805
218 989 0.527345 1 0.430772 1033 0.565244 -1 0.10423 1481 0.550545 -1 0.272074 0.252634
219 4008 0.143247 1 0.435962 3571 0.0737113 -1 0.204748 4072 0.186746 1 0.175356 0.244554
220 3871 0.0512966 -1 0.435983 3591 0.048133 1 0.238865 1759 0.0363756 -1 0.147684 0.23092
221 1856 0.214963 1 0.433442 613 0.331553 1 0.078163 2315 0.166429 1 0.308805 0.230038
222 2080 0.0654119 -1 0.437587 3465 0.0193876 1 0.210217 1653 0.557582 -1 0.175827 0.231986
223 1707 0.203572 1 0.436208 2839 0.0347392 1 0.124052 3152 0.193842 1 0.259026 0.238253
224 3098 0.0945595 1 0.433286 3226 0.262645 -1 0.283923 2239 0.0256868 -1 0.0973385 0.242098
225 2923 0.154906 1 0.438761 3050 0.101164 -1 0.0939101 1715 0.166244 1 0.295838 0.224185
226 1685 0.0610359 -1 0.432388 1846 0.0720954 1 0.126263 2475 0.223968 1 0.255032 0.242027
227 413 0.256039 1 0.435079 1807 0.103725 1 0.227485 206 0.138366 -1 0.153173 0.243377
228 2692 0.131616 1 0.436019 3587 0.0521144 1 0.151628 4085 0.226981 1 0.23276 0.23548
229 3777 0.041616 1 0.442163 1420 0.746074 -1 0.281417 3754 0.173923 1 0.107765 0.225375
230 1415 0.765147 1 0.437842 3690 0.103045 -1 0.190192 1382 0.778423 1 0.202637 0.217718
231 2369 0.109504 -1 0.437409 1892 0.0609869 1 0.287981 2465 0.0780908 -1 0.0973888 0.233408
232 2294 0.159034 1 0.432625 2644 0.0739604 -1 0.0962643 3978 0.221621 1 0.28979 0.231965
233 1264 0.710489 -1 0.437289 1599 0.684352 -1 0.237101 3757 0.0627286 -1 0.150694 0.228295
234 2189 0.11534 1 0.440108 437 0.343698 -1 0.183593 2223 0.158871 1 0.209763 0.216613
235 613 0.346898 1 0.429243 2695 0.052745 1 0.230592 619 0.356547 1 0.151873 0.23955
236 584 0.341222 -1 0.428813 1409 0.767923 -1 0.190686 3910 0.192065 1 0.194743 0.233284
237 1944 0.198108 1 0.438652 614 0.327189 1 0.183592 3136 0.0258613 -1 0.208315 0.219653
238 3137 0.0771668 1 0.430927 3143 0.201692 -1 0.259201 1951 0.0108448 -1 0.130044 0.225242
239 3591 0.135601 1 0.428998 3119 0.0410698 1 0.178343 3492 0.178103 1 0.201951 0.244149
240 1098 0.498449 -1 0.443563 3855 0.0749155 1 0.168887 524 0.353133 1 0.210759 0.245525
241 2069 0.0355594 -1 0.43817 4022 0.0433459 1 0.0667903 1420 0.575048 -1 0.327332 0.215009
242 446 0.346733 -1 0.430634 3483 0.0334921 1 0.299733 215 0.155071 -1 0.0827526 0.239506
243 2342 0.164703 1 0.423627 4159 0.0817335 -1 0.0677873 2887 0.18906 1 0.31482 0.239247
244 2584 0.0338384 1 0.434708 2740 0.0875128 -1 0.322423 1858 0.23234 1 0.0678358 0.223112
245 1421 0.725569 1 0.442132 1299 0.732443 -1 0.152391 1849 0.235308 1 0.231815 0.235867
246 3224 0.0728521 1 0.444389 57 0.193681 1 0.223447 1664 0.161188 1 0.172356 0.211493
247 3763 0.126027 1 0.437207 3927 0.110151 -1 0.0810388 1534 0.285414 -1 0.320961 0.19857
248 1496 0.631101 1 0.433874 1477 0.859542 -1 0.296777 1548 0.797388 1 0.0931475 0.223815
249 2279 0.176114 1 0.439702 2665 0.161339 -1 0.0621852 3991 0.199873 1 0.337559 0.203265
250 3371 0.0296601 1 0.4362 3708 0.163439 -1 0.327061 3791 0.131481 1 0.0644776 0.220425
251 1417 0.648052 -1 0.434426 2185 0.0770536 1 0.153047 1513 0.615093 -1 0.21797 0.263927
252 1385 0.752808 1 0.440631 1618 0.818313 -1 0.145948 1258 0.771012 1 0.243055 0.225752
253 2634 0.0414336 -1 0.442124 2953 0.0232075 1 0.10484 3755 0.0234161 -1 0.282516 0.229221
254 1810 0.114896 1 0.438246 2631 0.0353615 1 0.328754 1528 0.805831 1 0.0658343 0.214034
255 1352 0.582468 -1 0.422733 3066 0.0437672 1 0.0460347 2111 0.00322071 -1 0.342386 0.226978
256 2627 0.0377327 1 0.436053 2871 0.164891 -1 0.359587 1667 0.478863 1 0.0355666 0.21285
257 4084 0.144674 1 0.430894 1599 0.574078 -1 0.101407 4044 0.17078 1 0.283425 0.234543
258 2185 0.178308 1 0.440624 2265 0.0375682 1 0.138363 2249 0.172358 1 0.252015 0.222862
259 2249 0.09977 -1 0.440749 1707 0.0487873 1 0.162938 2066 0.0513149 -1 0.221406 0.235575
260 1957 0.124529 1 0.442263 1127 0.543893 -1 0.227417 1664 0.0180283 -1 0.170245 0.207608
261 2631 0.141341 1 0.439947 2754 0.15425 -1 0.154478 3125 0.0118647 -1 0.236183 0.222266
262 613 0.356062 1 0.437229 584 0.364793 -1 0.175585 1435 0.798984 1 0.204578 0.244428
263 1797 0.0585329 1 0.424091 1461 0.450837 1 0.353787 2276 0.15348 1 0.0328002 0.230841
264 1149 0.590206 1 0.417646 238 0.279607 -1 0.0236642 3743 0.00348164 -1 0.363633 0.229344
265 3591 0.0734669 1 0.427481 2220 0.0356769 1 0.308023 3528 0.0833186 1 0.0733298 0.241905
266 1507 0.637563 -1 0.432434 3924 0.0696302 1 0.104988 2379 0.179579 1 0.280614 0.232917
267 3175 0.137982 -1 0.441993 568 0.321656 1 0.281492 3111 0.0885327 -1 0.116395 0.207138
268 1048 0.49718 -1 0.425634 184 0.300513 -1 0.152673 1858 0.28909 1 0.224256 0.251303
269 1891 0.104373 -1 0.437904 3971 0.0405546 1 0.203372 1686 0.0386703 -1 0.184482 0.228171
270 1117 0.523009 1 0.440162 1035 0.589684 -1 0.119024 2050 0.257085 1 0.265904 0.234342
271 1471 0.616387 -1 0.433267 166 0.174473 1 0.287513 1411 0.559577 -1 0.0982561 0.232565
272 3297 0.184816 1 0.43897 4036 0.0987379 1 0.0961548 1641 0.851574 1 0.301812 0.206972
273 3226 0.0486222 1 0.431153 409 0.196564 1 0.353674 3766 0.110114 1 0.0420699 0.211615
274 241 0.189787 -1 0.429758 3198 0.267267 -1 0.153837 3205 0.19253 1 0.234111 0.227973
275 1641 0.684527 -1 0.440349 743 0.37089 -1 0.189603 810 0.355129 1 0.199955 0.224584
276 4159 0.0250349 -1 0.438606 3929 0.093692 1 0.132955 3088 0.190538 1 0.251601 0.235126
277 1938 0.118606 1 0.430953 735 0.351297 -1 0.325621 2074 0.261426 1 0.0656759 0.220932
278 3862 0.0707555 -1 0.443264 3864 0.0187678 1 0.170119 2166 0.0503337 -1 0.225927 0.210983
279 1814 0.222946 1 0.442348 1781 0.358012 -1 0.1895 1750 0.182148 1 0.203716 0.216906
280 2691 0.106746 1 0.448449 2721 0.14091 -1 0.198534 4026 0.112584 1 0.193434 0.219523
281 3591 0.171285 1 0.446489 2702 0.0623897 1 0.124413 1170 0.592622 1 0.277385 0.198991
282 1806 0.114554 1 0.428778 2801 0.0165251 1 0.299618 3083 0.028109 -1 0.0885049 0.227604
283 1837 0.176372 -1 0.444165 1424 0.712195 -1 0.248652 3864 0.0443559 -1 0.146157 0.213571
284 3783 0.103096 1 0.443731 3691 0.111989 -1 0.149546 3851 0.111279 1 0.243985 0.216247
285 3307 0.098486 1 0.445996 3083 0.106061 -1 0.159314 396 0.161204 -1 0.227413 0.230546
286 3034 0.0529183 1 0.436052 3512 0.126132 -1 0.345694 3796 0.153082 1 0.0472709 0.217433
287 4074 0.197189 1 0.433605 3964 0.111367 -1 0.0875979 3315 0.0273729 -1 0.29976 0.229216
288 2247 0.11489 1 0.441112 324 0.188511 1 0.239463 2423 0.0356522 -1 0.149399 0.22605
289 2090 0.0698026 -1 0.441405 2540 0.0377002 1 0.163847 979 0.467722 -1 0.224921 0.226246
290 1029 0.494724 1 0.44069 2359 0.0296422 1 0.311589 2274 0.0255757 -1 0.0793546 0.221674
291 3296 0.00909599 -1 0.431592 2433 0.0271792 1 0.0237955 1692 0.2648 1 0.372621 0.210209
292 1276 0.641392 -1 0.425112 3587 0.0403002 1 0.242627 2057 0.0447378 -1 0.134577 0.250717
293 1400 0.713666 1 0.443308 510 0.320284 1 0.198947 2099 0.149155 1 0.19574 0.213827
294 968 0.507368 -1 0.437477 1643 0.405642 1 0.20359 3186 0.113318 1 0.189236 0.217724
295 1659 0.474883 -1 0.440898 3705 0.0210467 1 0.0922743 2244 0.174858 1 0.305475 0.207425
296 3228 0.122873 1 0.447131 491 0.323218 1 0.247402 2431 0.0267606 -1 0.152108 0.203754
297 1072 0.487797 -1 0.440885 913 0.480276 1 0.119361 1864 0.0391626 -1 0.268832 0.227459
298 3979 0.0424574 1 0.432527 2865 0.150532 -1 0.349609 4012 0.100258 1 0.0450841 0.213814
299 3757 0.202913 1 0.436024 3377 0.0919638 -1 0.0225394 1255 0.871936 1 0.378908 0.199719
300 1413 0.857936 -1 0.427987 2410 0.0304451 1 0.36111 2479 0.185488 1 0.0336246 0.213727
301 433 0.332439 -1 0.439479 613 0.332199 1 0.200363 2098 0.0125033 -1 0.195791 0.210758
302 2377 0.0804442 -1 0.444601 2348 0.053388 1 0.177329 1868 0.0801602 -1 0.210696 0.227811
303 3912 0.0371828 1 0.436293 2274 0.141612 -1 0.335132 1654 0.822121 1 0.0579686 0.217148
304 2346 0.165636 1 0.437081 921 0.487279 1 0.0705978 2483 0.18809 1 0.322041 0.218116
305 1648 0.668369 -1 0.431846 2622 0.0230578 1 0.190748 1520 0.624057 -1 0.189929 0.243338
306 1909 0.21582 1 0.438532 1877 0.482141 -1 0.215289 936 0.480263 -1 0.177233 0.218362
307 1640 0.775332 1 0.440386 1447 0.843945 -1 0.0984855 3889 0.186489 1 0.296218 0.213791
308 2684 0.109968 -1 0.438591 3066 0.0819245 1 0.284 2751 0.159988 1 0.107581 0.220336
309 2235 0.0460884 1 0.437728 2303 0.0955553 -1 0.227641 1685 0.0246423 -1 0.158183 0.232449
310 1810 0.174772 1 0.441053 1872 0.323439 -1 0.25062 2525 0.195318 1 0.137172 0.228301
311 2221 0.167366 1 0.438473 3591 0.11432 1 0.0926427 3103 0.0172028 -1 0.300684 0.216675
312 994 0.483936 1 0.429993 286 0.337632 -1 0.330996 2169 0.0244948 -1 0.0629817 0.215311
313 3091 0.0998228 1 0.435596 2963 0.140549 -1 0.10162 1439 0.332544 -1 0.29373 0.212438
314 3553 0.0702087 -1 0.439933 4004 0.0540458 1 0.184852 1183 0.586176 1 0.205595 0.222716
315 2849 0.0583656 1 0.440922 2793 0.101517 -1 0.23611 2827 0.120192 1 0.154865 0.221608
316 4045 0.128011 1 0.443089 409 0.197505 1 0.154652 236 0.171963 -1 0.229875 0.235189
317 2695 0.136659 1 0.44364 2661 0.188988 -1 0.157474 2631 0.183908 1 0.231924 0.224923
318 2871 0.0434411 1 0.444464 3873 0.16608 -1 0.286086 2451 0.125039 1 0.11409 0.202367
319 1880 0.342087 1 0.431096 849 0.520847 -1 0.060323 2067 0.0345273 -1 0.323584 0.236498
320 2033 0.171072 1 0.438928 3128 0.137642 -1 0.157429 2042 0.140546 1 0.22822 0.232821
321 2549 0.0204499 1 0.431388 295 0.169728 1 0.347979 15 0.177545 -1 0.039536 0.228884
322 3878 0.171444 1 0.422984 1350 0.82956 -1 0.0560316 2667 0.0221151 -1 0.330003 0.232006
323 1901 0.172381 -1 0.439309 3773 0.080866 -1 0.252181 2216 0.219938 1 0.136631 0.226154
324 3805 0.0531653 1 0.445711 1502 0.672086 -1 0.158338 2073 0.0287531 -1 0.239727 0.206767
325 3451 0.0733161 1 0.443452 3706 0.149184 -1 0.237155 4025 0.135594 1 0.155858 0.217332
326 1637 0.825392 1 0.438798 1618 0.862931 -1 0.0475833 2902 0.0311533 -1 0.352319 0.202936
327 207 0.236959 -1 0.445273 58 0.192951 1 0.255061 3465 0.116159 1 0.142686 0.20743
328 1417 0.604636 -1 0.445123 1322 0.627362 1 0.114341 614 0.375135 1 0.281083 0.212283
329 611 0.365435 -1 0.43789 1029 0.567443 -1 0.326028 3307 0.0316409 -1 0.0687539 0.213627
330 2493 0.00932446 -1 0.423715 3434 0.0363215 1 0.0469811 1695 0.00396215 -1 0.339122 0.231861
331 2870 0.0216622 1 0.433237 3288 0.245978 -1 0.344917 658 0.317811 -1 0.0485262 0.21643
332 3146 0.0382461 -1 0.440157 3320 0.0726421 1 0.109953 3296 0.0227283 -1 0.27931 0.225204
333 2659 0.0656719 1 0.438892 3937 0.0268012 1 0.322175 2889 0.148553 1 0.0683511 0.22255
334 3733 0.0492308 -1 0.440918 3644 0.102918 -1 0.149366 3008 0.203042 1 0.247119 0.210066
335 2185 0.19064 1 0.450888 2281 0.169171 -1 0.122401 2249 0.170373 1 0.278402 0.201058
336 3496 0.035842 1 0.444178 2747 0.0513008 1 0.352074 3530 0.0694383 1 0.0537706 0.190585
337 1858 0.249535 1 0.4385 1943 0.0600741 1 0.04646 2923 0.191377 1 0.352865 0.20414
338 2685 0.138867 -1 0.442899 2849 0.0152925 1 0.346863 3828 0.140583 1 0.0514738 0.2062
339 968 0.47311 -1 0.429103 1060 0.468652 1 0.0444665 4022 0.187169 1 0.340498 0.234264
340 3605 0.0705416 -1 0.440588 2372 0.121322 -1 0.273392 3596 0.0269188 -1 0.115699 0.225568
341 2310 0.150227 1 0.443464 2568 0.167994 -1 0.104144 3737 0.136701 1 0.291256 0.212336
342 3591 0.0784733 1 0.433928 2212 0.0342519 1 0.30884 3944 0.131133 1 0.0825965 0.220639
343 1448 0.561186 -1 0.423544 3171 0.0881627 1 0.0571632 1856 0.0191065 -1 0.320602 0.249521
344 2616 0.0970566 -1 0.442614 613 0.324431 1 0.28021 660 0.31635 -1 0.113951 0.214926
345 2231 0.133697 1 0.437649 2204 0.118766 -1 0.115424 2099 0.145049 1 0.269918 0.233469
346 2145 0.0527515 1 0.445354 2099 0.0957269 -1 0.258532 2048 0.18796 1 0.142638 0.200297
347 1032 0.526535 -1 0.446968 287 0.215087 1 0.298413 2231 0.0488724 -1 0.100724 0.204532
348 15 0.203996 -1 0.43511 1450 0.8005 -1 0.118854 2911 0.00016201 -1 0.278753 0.207724
349 1938 0.0968181 1 0.439938 1973 0.455473 -1 0.354874 4082 0.126515 1 0.0466781 0.199501
350 3152 0.193842 1 0.428149 2302 0.0276145 1 0.0512002 2280 0.192073 1 0.330134 0.241946
351 4072 0.126629 1 0.440067 3689 0.207623 -1 0.205498 4009 0.169338 1 0.189271 0.213655
352 2056 0.0583322 -1 0.442965 1962 0.0842435 1 0.101098 2480 0.185238 1 0.295392 0.210055
353 1776 0.127047 1 0.439212 4048 0.0384531 1 0.298587 1712 0.18566 1 0.0957852 0.214486
354 614 0.365871 1 0.439747 517 0.372294 -1 0.137383 1840 0.121831 -1 0.240955 0.248305
355 3090 0.0329298 -1 0.444935 3119 0.0568927 1 0.104442 3086 0.0575232 -1 0.277442 0.240781
356 1433 0.698959 1 0.444332 1462 0.763392 -1 0.232411 1503 0.270176 -1 0.154454 0.230256
357 2631 0.0746347 1 0.442464 1501 0.770995 -1 0.309715 3052 0.142468 1 0.0848503 0.214081
358 3026 0.133501 1 0.43659 2235 0.0329308 1 0.0851764 40 0.298032 1 0.3055 0.222236
359 1829 0.133284 1 0.442347 1860 0.156912 -1 0.216614 1351 0.781229 1 0.179446 0.210956
360 1264 0.706455 -1 0.438156 5 0.313044 -1 0.243103 1218 0.567222 1 0.145523 0.226545
361 1878 0.221403 1 0.442246 1689 0.128249 -1 0.212632 1337 0.769968 1 0.179049 0.220124
362 1708 0.162492 1 0.44358 614 0.329879 1 0.171989 1039 0.464308 -1 0.230412 0.197735
363 2683 0.119296 -1 0.445864 2814 0.0413544 1 0.286738 3219 0.143299 1 0.113559 0.202113
364 210 0.255132 -1 0.450425 2849 0.172365 -1 0.30762 221 0.30613 1 0.088269 0.211311
365 3327 0.00463613 -1 0.421149 3903 0.0631736 -1 0.00804953 1858 0.333588 1 0.385827 0.215523
366 3315 0.264436 -1 0.43703 1819 0.218358 -1 0.358618 1855 0.124189 1 0.0333051 0.219619
367 2069 0.026589 -1 0.426056 2253 0.0649884 1 0.0543748 850 0.58975 1 0.332389 0.230468
368 1810 0.113115 1 0.433957 1063 0.584765 -1 0.332615 1274 0.800432 1 0.0613482 0.215341
369 1684 0.0336459 -1 0.434994 2966 0.231635 -1 0.0769169 1872 0.0796397 -1 0.319845 0.209488
370 2374 0.106191 1 0.444732 2860 0.119336 -1 0.169035 2287 0.110468 1 0.221657 0.222202
371 4128 0.0416474 -1 0.441433 2794 0.0261008 1 0.135219 1001 0.449648 -1 0.257889 0.217134
372 1024 0.49397 1 0.435243 2233 0.024025 1 0.289379 191 0.304602 1 0.10528 0.213887
373 1483 0.575156 -1 0.432939 581 0.327566 1 0.10699 801 0.317231 -1 0.276179 0.23806
374 2111 0.0204294 -1 0.436512 646 0.3395 1 0.106607 140 0.162676 -1 0.28628 0.217597
375 2859 0.0451074 1 0.44337 1770 0.0732524 1 0.26609 2889 0.103225 1 0.129341 0.212269
376 3954 0.155976 1 0.43684 103 0.164307 1 0.0769426 3960 0.161018 1 0.315104 0.219358
377 3894 0.107584 -1 0.437462 1428 0.525504 1 0.232124 1367 0.561908 -1 0.157921 0.223562
378 1078 0.490918 -1 0.442775 921 0.462603 1 0.121107 3355 0.0407206 -1 0.270016 0.221298
379 3515 0.0832889 1 0.441319 1963 0.114322 1 0.250277 1433 0.793137 1 0.141338 0.220264
380 135 0.269589 1 0.444231 31 0.331258 -1 0.107945 2493 0.0203515 -1 0.288036 0.211119
381 5 0.259036 -1 0.438704 4027 0.0263843 1 0.232056 1357 0.832136 1 0.155733 0.228307
382 122 0.27249 1 0.444935 704 0.345064 -1 0.125188 3292 0.1436 -1 0.267292 0.218449
383 2080 0.0337391 -1 0.441526 3174 0.123182 -1 0.114661 2496 0.0185041 -1 0.276416 0.221393
384 3194 0.092488 1 0.428651 3425 0.0164637 1 0.292623 3163 0.174303 1 0.0937152 0.231366
385 613 0.356885 1 0.437853 1445 0.84775 -1 0.182518 927 0.589995 1 0.20264 0.233856
386 616 0.329948 -1 0.42228 613 0.314837 1 0.118107 1533 0.377629 -1 0.262781 0.242889
387 2361 0.0794998 1 0.439198 68 0.181166 1 0.232902 2452 0.100962 1 0.156982 0.223901
388 1454 0.587527 -1 0.434523 1455 0.423259 1 0.105767 1424 0.575317 -1 0.273148 0.247077
389 1444 0.72865 1 0.432342 1381 0.855488 -1 0.255636 1508 0.748605 1 0.117999 0.258327
390 3335 0.162395 1 0.434981 3366 0.214914 -1 0.0562823 3879 0.138216 1 0.33948 0.211578
391 2663 0.107824 1 0.430693 3559 0.0486111 1 0.241901 2794 0.110656 1 0.142743 0.234943
392 1639 0.658545 -1 0.437477 2544 0.0476195 1 0.148344 587 0.384161 1 0.242105 0.222713
393 3906 0.143104 -1 0.441671 2657 0.12705 -1 0.355962 4099 0.17524 1 0.044809 0.201128
394 2244 0.174555 1 0.43955 3528 0.0509098 1 0.0771383 2469 0.169252 1 0.319223 0.210325
395 798 0.352083 -1 0.436249 1937 0.0971892 1 0.331058 2917 0.269056 1 0.0551429 0.231656
396 765 0.338062 1 0.433694 3903 0.0800216 -1 0.153181 4085 0.222773 1 0.233347 0.230964
397 1000 0.501065 -1 0.433837 479 0.34921 -1 0.176261 2086 0.156179 1 0.210373 0.23074
398 1814 0.215795 1 0.432237 3285 0.0149076 1 0.188007 10 0.183003 -1 0.19975 0.228376
399 89 0.257459 1 0.441406 3099 0.0863402 1 0.171967 3834 0.131802 1 0.220186 0.219135
400 4065 0.049122 1 0.440489 4032 0.112708 -1 0.270324 1913 0.209145 1 0.125833 0.210751
401 1896 0.082243 -1 0.440788 1925 0.0734389 1 0.141393 3017 0.0231526 -1 0.24572 0.229731
402 1788 0.0753983 -1 0.443861 2558 0.0322178 1 0.27511 3135 0.00274881 -1 0.114517 0.22444
403 3004 0.14153 -1 0.434827 1797 0.0882437 1 0.198482 3977 0.157267 1 0.184065 0.239376
404 243 0.160016 -1 0.43834 351 0.178116 1 0.0704322 2062 0.0323784 -1 0.327188 0.207696
405 4111 0.0436005 1 0.436044 2631 0.0671854 1 0.337644 4084 0.153986 1 0.0537219 0.220788
406 104 0.264281 1 0.434495 240 0.286386 -1 0.128597 2495 0.00486527 -1 0.257832 0.231174
407 581 0.33254 1 0.436968 3167 0.208524 -1 0.301913 677 0.347674 1 0.0864681 0.227061
408 3556 0.144643 1 0.434127 2660 0.070874 1 0.121549 3524 0.149267 1 0.248945 0.26505
409 1133 0.504485 -1 0.440871 2272 0.0191891 1 0.196043 2639 0.0358806 -1 0.192214 0.227323
410 1120 0.513436 1 0.438748 2832 0.0290128 1 0.197174 1507 0.557265 -1 0.185451 0.239211
411 3525 0.0936809 -1 0.439602 4004 0.0939188 1 0.176623 1792 0.313231 1 0.214364 0.221582
412 2593 0.0463233 1 0.435356 2219 0.0530411 1 0.281443 2063 0.289105 1 0.1037 0.233888
413 340 0.252365 1 0.438814 3118 0.0669572 1 0.158283 2111 0.0050545 -1 0.230471 0.226277
414 1160 0.52839 -1 0.436247 1808 0.0939625 1 0.274477 1410 0.835981 1 0.112288 0.230466
415 2293 0.142761 1 0.444948 2451 0.161891 -1 0.11478 4073 0.233188 1 0.279811 0.214027
416 1457 0.684383 -1 0.435882 3378 0.0217364 1 0.189821 1487 0.648169 -1 0.188332 0.248696
417 1062 0.509374 1 0.441385 3521 0.156979 -1 0.224054 584 0.313314 -1 0.158792 0.238745
418 3145 0.0444623 -1 0.435878 3150 0.0334674 1 0.0930102 1410 0.620506 -1 0.297841 0.221868
419 3204 0.087051 1 0.438664 1944 0.15264 1 0.240854 3119 0.179716 1 0.144541 0.233356
420 2782 0.077324 1 0.446298 2364 0.102252 -1 0.159265 1821 0.0200499 -1 0.233088 0.218715
421 3006 0.123058 -1 0.439026 1477 0.833849 -1 0.222764 4081 0.162144 1 0.163983 0.230504
422 173 0.171785 -1 0.440249 1038 0.512404 -1 0.101258 2288 0.146557 1 0.287837 0.225557
423 4040 0.0743057 1 0.433482 2305 0.169651 -1 0.344397 4104 0.106281 1 0.0444173 0.22615
424 959 0.582029 1 0.423349 1035 0.562107 -1 0.0280634 3040 0.0213035 -1 0.356418 0.235285
425 3107 0.0628501 1 0.439357 614 0.327189 1 0.366012 3520 0.00137869 -1 0.0366388 0.197216
426 1108 0.487169 -1 0.437955 828 0.332699 -1 0.124697 1070 0.486271 -1 0.268289 0.217388
427 992 0.496821 1 0.443206 323 0.188525 1 0.267894 3907 0.0388097 -1 0.121468 0.224999
428 1861 0.146798 1 0.43994 1865 0.194319 -1 0.16586 1448 0.553924 -1 0.231011 0.20926
429 130 0.259541 -1 0.440728 2283 0.0414205 1 0.222045 4138 0.0314217 -1 0.1696 0.220201
430 2724 0.138635 1 0.440234 2292 0.109065 1 0.0870055 2660 0.131944 1 0.303895 0.221765
431 1939 0.200926 1 0.442707 1904 0.248905 -1 0.225862 744 0.331395 -1 0.17004 0.211285
432 1890 0.16701 1 0.434772 2439 0.0423582 1 0.106818 3908 0.169141 1 0.282295 0.22552
433 2142 0.084029 -1 0.432865 1413 0.858283 -1 0.315181 3319 0.29486 1 0.0783298 0.216289
434 1498 0.779255 1 0.439431 1301 0.781961 -1 0.123824 1582 0.541509 -1 0.26967 0.216324
435 1365 0.693601 1 0.443341 1461 0.829553 -1 0.203952 1460 0.799441 1 0.19048 0.21436
436 2805 0.0453225 -1 0.440841 3464 0.032469 1 0.178072 3571 0.0292352 -1 0.213307 0.22076
437 2392 0.066326 -1 0.443153 2295 0.0353927 1 0.141849 2216 0.255426 1 0.246257 0.227641
438 3623 0.120837 1 0.441331 1481 0.780428 -1 0.183267 3564 0.139024 1 0.209145 0.218592
439 3103 0.163255 -1 0.437634 576 0.365608 -1 0.295625 3160 0.0287447 -1 0.0943468 0.223715
440 613 0.356613 1 0.428437 3107 0.0777957 1 0.186123 2911 9.59654e-07 -1 0.198956 0.234022
441 1538 0.687852 -1 0.439717 1797 0.092498 1 0.206753 988 0.5743 1 0.172245 0.246902
442 1032 0.528097 -1 0.43722 4077 0.0462434 1 0.299548 1866 0.278795 1 0.0881257 0.22855
443 2888 0.150363 1 0.432693 99 0.20304 1 0.0583197 2069 0.0355594 -1 0.330413 0.226322
444 2622 0.0566304 1 0.437744 3388 0.164001 -1 0.229982 3999 0.0261574 -1 0.161146 0.221286
445 2425 0.135522 1 0.436081 2753 0.028803 1 0.0711306 2475 0.18465 1 0.319559 0.222207
446 1968 0.16783 1 0.441627 2275 0.0510243 1 0.241201 2003 0.174742 1 0.148696 0.223874
447 1681 0.0602931 -1 0.438623 3922 0.044176 1 0.109006 2495 0.00436616 -1 0.278468 0.22897
448 3782 0.0468607 1 0.432783 3573 0.0735701 -1 0.303146 2729 0.127111 1 0.0884162 0.220376
449 1417 0.679431 -1 0.442867 2014 0.00909345 1 0.181458 319 0.305268 1 0.208284 0.224199
450 3485 0.0721611 1 0.440523 1885 0.104666 -1 0.182287 2901 0.0383607 -1 0.20916 0.220617
451 3222 0.0797069 1 0.442691 1430 0.601388 1 0.163922 1251 0.806881 1 0.228811 0.217919
452 1943 0.151874 1 0.444782 2274 0.107293 -1 0.277922 1543 0.612634 -1 0.119893 0.20729
453 1564 0.609367 -1 0.44242 4039 0.0833799 1 0.210505 402 0.140921 -1 0.181036 0.220419
454 2216 0.15793 1 0.443141 2342 0.0481239 1 0.19526 4085 0.18771 1 0.189382 0.234946
455 3464 0.0706868 1 0.44363 3794 0.030551 1 0.189641 2922 0.168455 1 0.207311 0.209089
456 2312 0.156502 1 0.446717 3527 0.0327738 1 0.0560255 1636 0.845915 1 0.344223 0.202215
457 350 0.331475 -1 0.432788 3490 0.20776 -1 0.388868 834 0.466965 -1 0.0141283 0.196497
458 2464 0.015082 -1 0.431533 2849 0.0147814 1 0.0421921 2483 0.197324 1 0.350366 0.218286
459 614 0.329876 1 0.438704 1621 0.764408 -1 0.330854 677 0.331236 1 0.0560787 0.230112
460 610 0.328702 -1 0.43664 2870 0.0437865 1 0.145982 1410 0.82809 1 0.243632 0.224466
461 992 0.496944 1 0.442924 747 0.32173 1 0.281914 3594 0.0403066 -1 0.118512 0.201846
462 1111 0.499615 -1 0.438681 209 0.272797 -1 0.170413 3753 0.15438 1 0.219142 0.224591
463 2498 0.063503 -1 0.442919 3534 0.0269725 1 0.163029 2931 0.0315584 -1 0.223752 0.230432
464 1051 0.50732 1 0.442567 1042 0.569899 -1 0.203356 2017 0.174371 1 0.187855 0.221112
465 2048 0.0542142 -1 0.437311 3376 0.0239227 1 0.131244 2320 0.0298995 -1 0.257092 0.227158
466 2849 0.0560683 1 0.440998 2786 0.251644 -1 0.253574 3957 0.159715 1 0.145384 0.204905
467 2048 0.180385 1 0.425774 2102 0.076627 -1 0.100427 1952 0.198541 1 0.291271 0.220091
468 127 0.251278 1 0.44105 3707 0.143427 -1 0.259747 3646 0.111277 1 0.131007 0.222072
469 2631 0.17346 1 0.439223 1737 0.0786104 1 0.101385 4040 0.214732 1 0.289305 0.222204
470 1810 0.187538 1 0.444431 1907 0.303855 -1 0.242196 1835 0.221741 1 0.147288 0.224742
471 2943 0.0620452 -1 0.445689 2554 0.0372812 1 0.128537 2295 0.179066 1 0.269434 0.206963
472 3990 0.0716732 1 0.433792 4159 0.0819942 -1 0.273906 4119 0.0800704 1 0.10138 0.254801
473 2679 0.0279536 -1 0.440156 2135 0.0455301 1 0.0852992 3145 0.0271633 -1 0.308788 0.215081
474 3390 0.0272481 1 0.42735 3019 0.0124478 1 0.327496 3007 6.09084e-09 -1 0.0536105 0.242427
475 1275 0.549768 -1 0.434732 517 0.373569 -1 0.146435 3878 0.171399 1 0.241852 0.227259
476 1452 0.616277 -1 0.439485 2663 0.0766814 1 0.142431 2473 0.0428304 -1 0.236164 0.24776
477 2342 0.135171 1 0.437498 325 0.196258 1 0.120395 865 0.569672 1 0.269497 0.223883
478 3559 0.0818781 1 0.433498 3843 0.145729 -1 0.307306 2925 0.0141938 -1 0.0834542 0.22206
479 210 0.216745 -1 0.439439 1012 0.524078 -1 0.214787 236 0.206819 -1 0.17567 0.222696
480 114 0.238512 1 0.437347 16 0.299867 -1 0.180562 2802 0.124621 1 0.208483 0.225664
481 2266 0.0934559 1 0.441523 2269 0.111531 -1 0.138277 2194 0.187471 1 0.251468 0.224192
482 614 0.334994 1 0.43144 1804 0.0917372 1 0.291998 1265 0.630558 -1 0.0878307 0.245139
483 3026 0.142805 1 0.432778 1842 0.0922477 1 0.0739756 1671 0.0195048 -1 0.31882 0.217788
484 3508 0.079649 -1 0.434278 3441 0.0427077 1 0.303626 2757 0.0432666 -1 0.0840946 0.228452
485 2339 0.0873435 -1 0.441328 2529 0.128202 -1 0.237647 1864 0.0576639 -1 0.149067 0.230572
486 3975 0.152912 1 0.434459 3938 0.163099 -1 0.114532 3467 0.0915297 1 0.271481 0.232051
487 1708 0.233122 1 0.441349 1509 0.680982 1 0.0958818 1721 0.212064 1 0.298688 0.214072
488 3163 0.0849005 1 0.429337 1457 0.82247 -1 0.330692 3129 0.0949396 1 0.0542896 0.234229
489 2474 0.128014 1 0.434129 2674 0.0828684 -1 0.102855 2381 0.185383 1 0.288403 0.221014
490 3612 0.129711 -1 0.443088 1340 0.643441 -1 0.320929 1262 0.805536 1 0.0792672 0.202324
491 1433 0.699813 1 0.440805 1062 0.57175 -1 0.244726 1368 0.772206 1 0.149179 0.215463
492 3994 0.103887 1 0.43795 1029 0.510251 1 0.128685 1128 0.478907 -1 0.253778 0.239555
493 1473 0.765969 -1 0.439669 602 0.36735 -1 0.311354 161 0.299804 1 0.0769404 0.227244
494 651 0.354888 1 0.418432 1053 0.488274 1 0.129272 694 0.365247 1 0.248796 0.248877
495 627 0.339944 -1 0.440743 1505 0.496793 1 0.228905 1306 0.421807 -1 0.158913 0.228245
496 1386 0.696118 -1 0.443058 241 0.237442 -1 0.171978 1513 0.648189 -1 0.215832 0.228263
497 1930 0.127191 1 0.430305 2811 0.0481939 1 0.26088 2027 0.206932 1 0.125106 0.232108
498 104 0.272174 1 0.43497 347 0.264127 1 0.103061 2080 0.0279815 -1 0.285726 0.226208
499 2113 0.0503293 1 0.435703 2839 0.116409 -1 0.25709 1695 0.0143536 -1 0.134558 0.220195
500 2703 0.0776407 1 0.436323 2639 0.0898164 -1 0.186623 2200 0.208025 1 0.200033 0.230694
501 1938 0.173893 1 0.439535 252 0.14771 1 0.244126 3182 0.03885 -1 0.137945 0.240383
502 1675 0.0608887 -1 0.437243 1802 0.0976451 1 0.11186 2153 0.257598 1 0.267768 0.245562
503 1706 0.146981 1 0.435396 614 0.330027 1 0.171772 1035 0.469773 -1 0.213843 0.232892
504 3691 0.0304932 1 0.439983 3812 0.141569 -1 0.324662 1580 0.796211 1 0.0714604 0.210824
505 3122 0.121267 1 0.438804 3119 0.115065 -1 0.100039 1535 0.291076 -1 0.292732 0.217839
506 3555 0.0768686 1 0.432023 3620 0.222966 -1 0.299329 1733 0.168445 1 0.0914926 0.22193
507 1499 0.758208 1 0.433657 1500 0.790895 -1 0.104484 1349 0.449748 -1 0.285517 0.223653
508 2762 0.0410008 1 0.439355 3671 0.120996 -1 0.270656 3369 0.117085 1 0.121619 0.218881
509 3782 0.100782 1 0.440549 2486 0.114624 -1 0.157253 1389 0.558569 -1 0.238 0.212643
510 3372 0.0475549 1 0.447021 3407 0.110827 -1 0.269972 3825 0.163489 1 0.12831 0.206315
511 2663 0.16422 1 0.446566 3087 0.0546535 1 0.124885 4041 0.20924 1 0.276423 0.20001
512 3629 0.0909567 -1 0.443941 1429 0.550644 1 0.287201 1487 0.590631 -1 0.109461 0.209697
513 3327 0.0235865 -1 0.439863 175 0.266265 -1 0.038499 1714 0.0412418 -1 0.36044 0.204943
514 3361 0.147226 -1 0.43328 1601 0.840154 -1 0.346484 3358 0.115975 1 0.050406 0.209221
515 2378 0.158506 1 0.433712 2413 0.203673 -1 0.0695455 3359 0.00254801 -1 0.327674 0.208532
516 2838 0.0339542 1 0.439299 3517 0.0241572 1 0.299174 626 0.321319 -1 0.100066 0.204316
517 2191 0.145017 1 0.44256 1452 0.653522 -1 0.103936 2088 0.173481 1 0.292516 0.210135
518 3175 0.0326042 1 0.432062 471 0.312448 1 0.379182 2472 0.156758 1 0.0217537 0.200784
519 448 0.318128 -1 0.438435 56 0.224759 1 0.0919056 1480 0.606401 -1 0.298856 0.222056
520 614 0.366602 1 0.434186 1893 0.0833349 1 0.128662 1032 0.473088 -1 0.253329 0.240553
521 2677 0.0560314 -1 0.441089 2219 0.0715351 1 0.216549 2633 0.0399091 -1 0.171627 0.227493
522 2692 0.108996 1 0.4389 1096 0.529875 -1 0.212181 2799 0.0961399 1 0.180233 0.218589
523 4045 0.128011 1 0.438978 1615 0.794053 -1 0.146401 3943 0.157662 1 0.235595 0.240541
524 1027 0.48179 1 0.438699 1445 0.852613 -1 0.366643 1660 0.761133 1 0.0301561 0.20941
525 3773 0.00420276 -1 0.425821 1790 0.00264779 1 0.0153071 1636 0.85182 1 0.381011 0.210415
526 1797 0.0630152 1 0.433924 756 0.354565 -1 0.348712 1828 0.087286 1 0.0445734 0.216762
527 2765 0.0921264 1 0.438081 2571 0.126768 -1 0.140042 3990 0.214233 1 0.249367 0.224898
528 2377 0.097256 -1 0.435501 2398 0.0661611 -1 0.229527 646 0.374211 1 0.153392 0.238587
529 242 0.194989 -1 0.441063 1911 0.078564 1 0.158745 2196 0.190428 1 0.228503 0.229448
530 231 0.227364 1 0.432747 1967 0.106128 1 0.207269 1087 0.548835 1 0.174629 0.240751
531 1012 0.504884 -1 0.444615 1509 0.845482 -1 0.210521 2060 0.0322216 -1 0.176828 0.229233
532 1254 0.736135 1 0.436324 2959 0.185314 -1 0.159746 3534 0.108063 1 0.232662 0.2186
533 3091 0.0208135 -1 0.438933 2644 0.0193532 1 0.074375 3085 0.0358381 -1 0.316352 0.222129
534 2701 0.0500019 1 0.437596 2766 0.111047 -1 0.289716 1513 0.822114 1 0.106146 0.211368
535 3024 0.0703374 1 0.441789 2029 0.0744451 1 0.178934 3053 0.0951659 1 0.208891 0.228233
536 2602 0.0599999 -1 0.444567 4120 0.14529 -1 0.164517 2067 0.0389616 -1 0.229352 0.21554
537 3929 0.0697695 1 0.440194 4029 0.0915105 -1 0.255211 3989 0.109123 1 0.124651 0.245066
538 2631 0.178168 1 0.426627 2691 0.07338 1 0.0927929 2662 0.195646 1 0.293772 0.230887
539 3134 0.215995 -1 0.433945 318 0.331738 -1 0.332792 3110 0.0645915 -1 0.0564527 0.225243
540 2062 0.273802 1 0.428988 3287 0.0376423 1 0.0655666 2035 0.298948 1 0.328038 0.216092
541 607 0.348218 -1 0.442385 30 0.226213 1 0.321688 206 0.135912 -1 0.0759275 0.207704
542 204 0.173124 -1 0.437047 2848 0.124627 -1 0.103675 1323 0.809523 1 0.284803 0.226857
543 3300 0.12235 1 0.441548 3172 0.209436 -1 0.174231 2488 0.0250448 -1 0.214287 0.226774
544 3910 0.11055 1 0.442735 614 0.325463 1 0.177482 2518 0.130117 1 0.218933 0.210213
545 1263 0.620105 -1 0.441556 3678 0.0304076 1 0.150363 2513 0.0575357 -1 0.235915 0.231491
546 2188 0.128263 1 0.440524 2089 0.156712 -1 0.166629 863 0.544953 1 0.226788 0.216487
547 1127 0.512543 -1 0.441374 1416 0.827244 -1 0.215193 2215 0.182177 1 0.178885 0.215101
548 3218 0.0956512 1 0.439854 1940 0.143571 1 0.128714 2527 8.91351e-05 -1 0.266627 0.212457
549 1489 0.749509 -1 0.435244 2545 0.0408973 1 0.293716 3632 0.0486553 -1 0.0955046 0.225294
550 3479 0.0380148 -1 0.440959 3034 0.0354487 1 0.131893 4044 0.163408 1 0.26048 0.218675
551 1893 0.146735 1 0.447006 2368 0.11353 -1 0.175116 1888 0.132835 1 0.219027 0.214966
552 1123 0.504826 1 0.44943 641 0.362281 -1 0.248515 1890 0.0213287 -1 0.148577 0.2088
553 3515 0.0994308 1 0.446872 3867 0.108082 -1 0.190842 3795 0.175916 1 0.204592 0.212263
554 3353 0.0752444 -1 0.444542 2663 0.0766978 1 0.197311 1674 0.0378479 -1 0.193643 0.221653
555 645 0.344429 1 0.444619 653 0.369363 -1 0.237306 582 0.348679 1 0.149496 0.230387
556 1776 0.221261 1 0.444701 1838 0.176926 -1 0.171141 1715 0.2225 1 0.216995 0.227575
557 4001 0.150743 -1 0.43431 3053 0.168889 -1 0.354792 1746 0.0610763 -1 0.0413785 0.210724
558 4084 0.1447 1 0.433866 1649 0.761193 -1 0.0959101 662 0.355126 1 0.28775 0.23702
559 1071 0.491384 -1 0.432846 3483 0.0348024 1 0.132899 1080 0.491728 -1 0.249378 0.239947
560 2233 0.0461739 1 0.434267 3810 0.0378154 1 0.319592 1529 0.800213 1 0.0687927 0.227055
561 3840 0.0507533 -1 0.436861 3465 0.0388358 1 0.155954 1235 0.590661 1 0.231104 0.229847
562 3541 0.0664162 -1 0.437839 1797 0.0837039 1 0.249112 3823 0.0492802 -1 0.136932 0.231985
563 413 0.256468 1 0.444265 1061 0.558459 -1 0.236441 3591 0.173656 1 0.156961 0.216518
564 2888 0.153803 1 0.438786 376 0.183248 1 0.0475249 2495 0.00435984 -1 0.356371 0.19463
565 3382 0.0417941 1 0.429912 67 0.32402 -1 0.271339 1439 0.34301 -1 0.115327 0.230673
566 2185 0.180973 1 0.435514 2266 0.0358411 1 0.138906 3349 0.0124423 -1 0.249613 0.226771
567 2570 0.0849416 -1 0.440842 3371 0.0280718 1 0.239822 1743 0.0646339 -1 0.150589 0.222792
568 3908 0.0843923 -1 0.44727 4004 0.070161 1 0.168978 1658 0.580116 -1 0.214601 0.237194
569 1146 0.51795 1 0.434649 3032 0.0558062 1 0.146322 3129 0.0376475 -1 0.237567 0.236539
570 2581 0.0702717 -1 0.432819 2292 0.0517686 1 0.21618 2266 0.0291384 -1 0.169545 0.232658
571 240 0.213994 -1 0.444674 251 0.145167 1 0.202325 3125 0.0896729 1 0.189212 0.220428
572 4119 0.143129 1 0.437879 2367 0.0985153 -1 0.0710769 3954 0.142324 1 0.324352 0.212274
573 3984 0.103837 -1 0.437449 4042 0.0831553 1 0.240788 3759 0.0329256 -1 0.143003 0.236744
574 3594 0.0404091 -1 0.434169 1610 0.587505 1 0.100064 3461 0.0352718 -1 0.289506 0.224558
575 3456 0.0422997 1 0.427489 1427 0.830679 -1 0.273783 3770 0.11044 1 0.111848 0.232859
576 2111 0.0286677 -1 0.442204 614 0.329813 1 0.160947 611 0.325743 -1 0.229147 0.223458
577 613 0.360306 1 0.443793 1858 0.0456009 1 0.168814 1474 0.621305 -1 0.223682 0.218416
578 2048 0.151749 1 0.438631 3326 0.213232 -1 0.112885 4136 0.0190068 -1 0.286675 0.20365
579 3993 0.0615491 1 0.438068 1501 0.675034 -1 0.293869 890 0.532703 1 0.0957672 0.224422
580 3107 0.161206 1 0.440845 2212 0.0747189 1 0.161185 616 0.330944 -1 0.230503 0.22011
581 1878 0.214304 1 0.441917 2997 0.0232392 1 0.213117 2040 0.22341 1 0.171827 0.234307
582 2048 0.0553302 -1 0.431678 1394 0.55829 1 0.13946 4082 0.057211 -1 0.243265 0.238999
583 1417 0.599145 -1 0.44326 934 0.480046 1 0.104992 2443 0.146858 1 0.285696 0.222211
584 3277 0.107218 1 0.442299 1933 0.0895805 1 0.1485 1665 0.304736 1 0.24164 0.223362
585 3279 0.136929 -1 0.426862 2659 0.0498632 1 0.284293 3946 0.19804 1 0.0987907 0.238239
586 4039 0.152675 1 0.44356 582 0.33328 1 0.165807 4004 0.181993 1 0.226065 0.219725
587 3744 0.0606412 -1 0.444855 3587 0.0517945 1 0.194052 1671 0.0574269 -1 0.194559 0.226578
588 3777 0.0641347 1 0.432383 3866 0.0411258 1 0.216074 1688 0.00424933 -1 0.172699 0.226236
589 1810 0.185977 1 0.444123 1299 0.754111 -1 0.243375 3765 0.0347703 -1 0.147026 0.222812
590 3997 0.0233479 -1 0.438243 2806 0.0745037 -1 0.106947 3088 0.189937 1 0.281055 0.227858
591 2126 0.0599196 1 0.433589 1726 0.00903356 1 0.266233 2464 0.139471 1 0.122247 0.226852
592 1043 0.499166 -1 0.444756 611 0.31091 1 0.186616 3104 0.12943 1 0.198596 0.233743
593 1858 0.28765 1 0.423563 1835 0.269291 -1 0.0371891 2221 0.182249 1 0.353688 0.221814
594 1943 0.190039 1 0.444026 225 0.220865 1 0.221984 2055 0.0397629 -1 0.166606 0.226622
595 3227 0.0690704 1 0.44636 2510 0.122377 -1 0.347882 379 0.19936 -1 0.053854 0.199118
596 2069 0.0256089 -1 0.433633 3958 0.0372064 1 0.055807 2062 0.382365 1 0.340391 0.210665
597 3884 0.0524302 1 0.43398 2586 0.160723 -1 0.328726 4138 0.017579 -1 0.0677645 0.210055
598 177 0.155273 -1 0.435465 124 0.165344 1 0.0639116 1827 0.0611165 -1 0.326053 0.223731
599 2310 0.0966764 1 0.441603 2787 0.127044 -1 0.21756 2050 0.181679 1 0.169232 0.230408
600 344 0.242821 1 0.444231 419 0.362659 -1 0.200527 3754 0.155592 1 0.186375 0.230175
601 1824 0.224732 1 0.443359 2829 0.0436236 1 0.0780672 2233 0.160164 1 0.3195 0.207806
602 3591 0.0734587 1 0.432569 614 0.334994 1 0.326448 1252 0.825714 1 0.0655017 0.219562
603 648 0.334295 -1 0.429995 4084 0.0745807 1 0.148727 1437 0.306482 -1 0.238127 0.230278
604 1810 0.0460251 1 0.426931 1842 0.406015 -1 0.39373 2760 0.14269 1 0.00497061 0.205441
605 140 0.181575 -1 0.439861 122 0.167317 1 0.104253 1678 0.0335636 -1 0.28786 0.219221
606 3311 0.0957554 1 0.447728 1860 0.185911 -1 0.189843 3150 0.08931 1 0.207888 0.207466
607 3240 0.0557113 -1 0.435538 2887 0.0252873 1 0.12076 3149 0.0425411 -1 0.261427 0.240138
608 3773 0.0493551 -1 0.443952 3169 0.236265 -1 0.247278 3299 0.2413 1 0.147817 0.212972
609 3169 0.125502 1 0.44086 167 0.221001 1 0.17861 3136 0.0243247 -1 0.212163 0.222032
610 139 0.248121 -1 0.436559 2684 0.0410033 1 0.251314 36 0.237755 -1 0.137496 0.226157
611 1669 0.183711 1 0.442337 1520 0.798392 -1 0.093262 2111 0.00540301 -1 0.307319 0.201523
612 2849 0.0494413 1 0.436163 3684 0.0408318 1 0.269955 2018 0.396174 1 0.126419 0.210299
613 2880 0.0541868 -1 0.441368 918 0.531976 -1 0.161914 2817 0.0662637 -1 0.230831 0.217893
614 1120 0.516091 1 0.440607 2530 0.053977 1 0.197786 1442 0.613421 -1 0.193841 0.220239
615 2723 0.119833 1 0.441758 1857 0.0414856 1 0.123241 3988 0.137667 1 0.268225 0.220578
616 2475 0.0489917 -1 0.438063 2348 0.0503528 1 0.108432 1420 0.579833 -1 0.282443 0.221818
617 620 0.350072 1 0.438837 691 0.363552 -1 0.139787 1064 0.477982 -1 0.240129 0.244951
618 1063 0.494376 1 0.431364 1842 0.108192 1 0.285601 416 0.310328 -1 0.104938 0.222523
619 4019 0.0889369 -1 0.440033 3960 0.0775742 1 0.158575 3983 0.0621834 -1 0.231581 0.223327
620 1456 0.771351 -1 0.44275 2975 0.223748 -1 0.319372 40 0.296885 1 0.0757026 0.213015
621 1855 0.00956692 -1 0.432144 2654 0.0431912 1 0.0484271 264 0.309402 1 0.341086 0.224679
622 207 0.272202 -1 0.428447 3785 0.0252148 1 0.3232 213 0.21387 -1 0.0625219 0.232665
623 4128 0.0327257 -1 0.440831 4097 0.020089 1 0.0985423 3542 0.0118232 -1 0.294573 0.217118
624 613 0.321343 1 0.432606 122 0.169277 1 0.372573 678 0.333739 1 0.0183344 0.221749
625 2153 0.227557 1 0.42675 1434 0.581126 1 0.0503115 854 0.598143 1 0.331259 0.241443
626 2272 0.100809 -1 0.431409 549 0.381913 -1 0.269235 3215 0.0982854 1 0.116109 0.233462
627 1968 0.170582 1 0.44145 1382 0.733601 1 0.249733 3181 0.0321549 -1 0.141113 0.22188
628 1462 0.763649 -1 0.441416 3162 0.0840187 1 0.273352 3981 0.0496012 -1 0.119825 0.21699
629 2297 0.100401 1 0.438133 2238 0.0797032 -1 0.176911 2260 0.16117 1 0.196353 0.25912
630 4025 0.135663 1 0.441029 1049 0.555959 -1 0.0978699 3135 0.0654283 -1 0.29194 0.224056
631 2718 0.0414644 1 0.435381 1982 0.127361 -1 0.313747 3103 0.00110259 -1 0.0702778 0.23625
632 212 0.125743 -1 0.42682 345 0.131938 1 0.0190864 2925 0.177499 1 0.375599 0.21383
633 2928 0.0920583 -1 0.441426 3046 0.136861 -1 0.206895 2094 0.147749 1 0.184349 0.221044
634 3582 0.0779242 1 0.441435 3567 0.0327543 1 0.151596 2717 0.0808709 -1 0.237694 0.225148
635 3091 0.105875 1 0.425206 3088 0.116751 -1 0.0980477 211 0.122362 -1 0.28794 0.232105
636 539 0.35249 -1 0.432251 614 0.329593 1 0.307594 573 0.410902 1 0.0829286 0.222558
637 1878 0.221403 1 0.437764 1477 0.667373 1 0.198243 1751 0.234997 1 0.188072 0.231414
638 2631 0.131988 1 0.439562 1775 0.146186 1 0.178149 2249 0.163742 1 0.204103 0.240001
639 1448 0.707406 -1 0.435566 3497 0.0362111 1 0.18877 2495 0.0157361 -1 0.190565 0.246184
640 1682 0.072348 -1 0.429721 155 0.209125 1 0.134193 3761 0.165023 1 0.248785 0.238462
641 3118 0.0695263 1 0.438541 1938 0.157222 1 0.262367 3121 0.11419 1 0.120779 0.238108
642 4076 0.0928777 1 0.440037 2468 0.0400502 1 0.233212 3943 0.119643 1 0.152172 0.233379
643 2727 0.142606 1 0.436374 3176 0.17297 -1 0.0971041 1481 0.526762 -1 0.291866 0.225822
644 2369 0.0773441 -1 0.437123 3662 0.0306532 1 0.215687 1640 0.841128 1 0.167275 0.238498
645 384 0.284487 -1 0.440259 295 0.193046 1 0.268086 2219 0.164461 1 0.124893 0.217405
646 1648 0.695483 -1 0.444576 261 0.25489 -1 0.226803 1520 0.550965 -1 0.16716 0.215342
647 2649 0.0415306 1 0.439306 3559 0.0547859 1 0.323829 1475 0.516065 -1 0.07314 0.209056
648 102 0.273592 1 0.425722 2049 0.103871 -1 0.110132 959 0.597808 1 0.26916 0.246277
649 1061 0.558447 -1 0.434359 613 0.408435 -1 0.343329 210 0.164855 -1 0.0485922 0.219621
650 645 0.368508 1 0.416047 1924 0.0778509 1 0.110811 2485 0.207853 1 0.262247 0.259559
651 1065 0.501063 -1 0.439154 1057 0.483944 1 0.186944 3961 0.129626 1 0.188618 0.254216
652 1893 0.144602 1 0.443567 643 0.367017 -1 0.178243 1917 0.00982002 -1 0.21572 0.215343
653 3612 0.123602 -1 0.444182 1808 0.103593 1 0.309608 737 0.310276 -1 0.0898009 0.203965
654 3559 0.19284 1 0.428619 1797 0.0528945 1 0.0632266 1658 0.403979 -1 0.322338 0.232998
655 2691 0.0852903 1 0.436713 2691 0.226278 -1 0.264007 1708 0.234297 1 0.12593 0.223789
656 236 0.181693 -1 0.438194 4121 0.0329338 1 0.118745 26 0.300945 1 0.263949 0.239067
657 4074 0.176659 1 0.442687 4037 0.229591 -1 0.110927 3977 0.206718 1 0.275981 0.230164
658 3561 0.107432 -1 0.432271 29 0.332387 -1 0.261445 3625 0.064947 -1 0.126399 0.228191
659 1047 0.488647 -1 0.439485 986 0.461569 1 0.117588 1038 0.481063 -1 0.274967 0.218292
660 646 0.343794 1 0.430049 3559 0.0490359 1 0.249239 2167 0.163533 1 0.133308 0.239377
661 3524 0.141908 1 0.439328 1797 0.0707954 1 0.111666 2727 0.196446 1 0.279607 0.22098
662 287 0.219031 1 0.43809 2183 0.0659338 1 0.332743 1637 0.840826 1 0.061631 0.214482
663 2070 0.041923 -1 0.429432 4023 0.0469788 1 0.102542 2887 0.189705 1 0.274376 0.251326
664 1848 0.183981 1 0.436009 3999 0.118488 -1 0.207446 3200 0.0263182 -1 0.177319 0.234686
665 520 0.33765 -1 0.44162 3194 0.0547839 1 0.189465 2080 0.0339661 -1 0.201969 0.220643
666 523 0.354571 1 0.438895 563 0.370753 -1 0.116267 1902 0.0815044 -1 0.268247 0.235217
667 2027 0.150073 1 0.440354 3383 0.0388979 1 0.209934 3978 0.170398 1 0.174423 0.235548
668 3363 0.0690103 1 0.44009 3404 0.137319 -1 0.240642 3468 0.0894358 1 0.152986 0.216044
669 3328 0.0108424 -1 0.427941 3811 0.0130598 1 0.0367635 2087 0.225079 1 0.354252 0.221522
670 3421 0.142488 -1 0.434858 1476 0.845523 -1 0.363943 1370 0.556767 -1 0.0297571 0.215894
671 3492 0.0541053 -1 0.434846 4036 0.0683079 1 0.0790581 1021 0.593897 1 0.306807 0.232363
672 3366 0.037994 1 0.433062 101 0.166392 1 0.318014 3013 0.149851 1 0.0750705 0.217182
673 248 0.183147 -1 0.432877 122 0.157099 1 0.0845883 3306 0.248446 1 0.301522 0.231845
674 1032 0.528921 -1 0.435534 1478 0.852908 -1 0.308879 3136 0.202765 1 0.0833263 0.219026
675 3775 0.0168611 -1 0.431967 3019 0.12179 -1 0.0945661 614 0.374197 1 0.29354 0.227639
676 2943 0.0655215 -1 0.43754 3450 0.0206531 1 0.132613 2330 0.138206 1 0.253308 0.232244
677 499 0.345276 -1 0.437171 3105 0.242504 -1 0.272752 2882 0.0365543 -1 0.122524 0.212593
678 1885 0.0106931 -1 0.437093 2259 0.0609022 1 0.0653821 1244 0.525185 1 0.334991 0.201956
679 3232 0.123341 1 0.441929 1902 0.0663474 1 0.154007 3640 0.190509 1 0.238925 0.217503
680 765 0.34721 -1 0.429667 634 0.32114 1 0.302977 2917 0.271694 1 0.0886156 0.220311
681 1109 0.491668 -1 0.433913 3498 0.0935121 -1 0.134097 3090 0.0210939 -1 0.249974 0.236152
682 3390 0.0364403 1 0.434591 3873 0.150357 -1 0.295059 2943 5.32132e-09 -1 0.0993824 0.214341
683 3121 0.101288 1 0.434129 3117 0.169403 -1 0.143328 3150 0.105348 1 0.234538 0.249307
684 3515 0.101041 1 0.436723 2821 0.14411 -1 0.190467 3315 0.0153133 -1 0.200375 0.221886
685 3355 0.0737094 -1 0.436944 3642 0.0295713 1 0.202508 1686 0.301362 1 0.188249 0.222066
686 2230 0.140862 1 0.441393 2172 0.10429 -1 0.120556 2578 0.0826495 1 0.269353 0.223846
687 1696 0.148923 1 0.43499 2189 0.0642318 1 0.119744 2557 0.084367 1 0.272945 0.218013
688 2105 0.047653 -1 0.429999 3001 0.239224 -1 0.162857 3767 0.196499 1 0.213696 0.252104
689 1454 0.688368 -1 0.435795 1969 0.0792906 1 0.20806 264 0.259666 1 0.175119 0.238039
690 2631 0.143893 1 0.439473 2629 0.199619 -1 0.155167 3568 0.0374217 -1 0.238901 0.215124
691 3911 0.1217 1 0.434186 173 0.274239 -1 0.119794 3916 0.158059 1 0.273384 0.216986
692 3464 0.0592235 1 0.446225 3515 0.14358 -1 0.223503 2342 0.136877 1 0.162681 0.231689
693 3881 0.0712038 -1 0.441536 207 0.234772 -1 0.15698 2068 0.0173977 -1 0.234898 0.219712
694 3622 0.0594328 1 0.43495 2684 0.124039 -1 0.315647 3559 0.172719 1 0.0769548 0.218194
695 1815 0.162888 1 0.447699 1510 0.711733 1 0.240214 2165 0.209599 1 0.155103 0.212509
696 3933 0.0820831 -1 0.442563 1448 0.773478 -1 0.328547 2930 0.191727 1 0.066122 0.213864
697 4054 0.108548 1 0.440364 1661 0.595966 -1 0.172011 1467 0.754823 1 0.208161 0.24441
698 4134 0.0676189 -1 0.443533 4040 0.0727144 1 0.166699 4073 0.244231 1 0.223192 0.223885
699 3589 0.110161 -1 0.444477 3107 0.0492337 1 0.202563 3526 0.0940429 -1 0.192898 0.212209
700 3120 0.199333 1 0.431548 709 0.380987 -1 0.0559563 1686 0.325641 1 0.336346 0.218823
701 3910 0.0565277 1 0.430523 613 0.32808 1 0.328189 3946 0.175165 1 0.0680682 0.210542
702 1687 0.0485135 -1 0.439555 2263 0.0398659 1 0.123395 648 0.321132 -1 0.266596 0.223675
703 1088 0.499369 1 0.442178 322 0.200518 1 0.252098 1922 0.0218297 -1 0.132728 0.234557
704 352 0.225742 -1 0.432835 967 0.556549 -1 0.125553 208 0.167379 -1 0.264092 0.224403
705 189 0.251851 1 0.441234 669 0.350888 -1 0.245055 3833 0.129965 1 0.143874 0.225909
706 2315 0.164514 1 0.435031 1053 0.487334 1 0.0610016 2489 0.196218 1 0.333241 0.214757
707 4026 0.0438876 1 0.430684 1427 0.824083 -1 0.294378 3987 0.139262 1 0.0880697 0.239586
708 1890 0.212867 1 0.441431 1836 0.316829 -1 0.0689819 4045 0.197644 1 0.329105 0.206721
709 1940 0.162346 1 0.436868 1905 0.397296 -1 0.292963 743 0.32017 -1 0.0968142 0.224124
710 2216 0.255426 1 0.432021 2959 0.0490261 1 0.0529118 1786 0.0325439 -1 0.336247 0.225425
711 2235 0.0482115 1 0.440765 1375 0.719317 -1 0.225883 838 0.492439 -1 0.163479 0.224997
712 613 0.358076 1 0.439195 610 0.369093 -1 0.165784 3129 0.0378189 -1 0.221915 0.228497
713 3066 0.0819464 1 0.445396 2850 0.0313747 1 0.309771 1910 0.337916 1 0.0887108 0.205897
714 2880 0.025022 -1 0.431289 2849 0.011256 1 0.0744182 3327 0.00463613 -1 0.309817 0.235804
715 3194 0.0524596 1 0.427725 2568 0.153754 -1 0.350017 2047 0.0345507 -1 0.0413112 0.220866
716 2631 0.178168 1 0.436889 3107 0.11311 1 0.0931179 2293 0.187013 1 0.300277 0.216532
717 3177 0.141528 -1 0.438256 2860 0.020637 1 0.340042 2188 0.206028 1 0.0556701 0.211682
718 1483 0.602294 -1 0.428203 209 0.207885 -1 0.123726 3309 0.0137338 -1 0.250049 0.25803
719 104 0.186837 1 0.424551 1805 0.0640532 1 0.307657 3944 0.0471043 -1 0.0716172 0.246315
720 1 0.231278 -1 0.439673 3428 0.119004 -1 0.146129 1467 0.528217 -1 0.248139 0.214704
721 2297 0.100723 1 0.438532 1436 0.716776 -1 0.174932 3947 0.161769 1 0.216196 0.221287
722 2631 0.0746347 1 0.437662 2642 0.0881272 -1 0.303407 3486 0.0988573 1 0.0897532 0.217023
723 3592 0.119987 1 0.439776 2307 0.110382 -1 0.17112 3761 0.187599 1 0.210843 0.240612
724 2611 0.01955 1 0.439275 378 0.204559 1 0.357868 1758 0.347992 1 0.0437585 0.199346
725 4026 0.106561 1 0.44258 2334 0.0793137 -1 0.115799 4087 0.167221 1 0.273044 0.226087
726 646 0.343866 1 0.441431 3660 0.133465 -1 0.252003 1648 0.576408 -1 0.138511 0.222576
727 2232 0.187624 1 0.439182 4030 0.0981487 -1 0.0493854 215 0.155302 -1 0.347789 0.208626
728 657 0.347184 -1 0.436538 3140 0.257735 -1 0.265129 4019 0.0751066 -1 0.118459 0.237173
729 3558 0.15556 1 0.43793 1959 0.0611746 1 0.121756 3775 0.0120722 -1 0.273969 0.211654
730 2279 0.108631 1 0.440856 2539 0.145771 -1 0.187256 590 0.42941 1 0.20483 0.219277
731 3222 0.068783 1 0.44551 3684 0.132822 -1 0.189977 1565 0.496059 -1 0.201692 0.220152
732 3899 0.0823897 1 0.439247 3971 0.131754 -1 0.132255 3927 0.175148 1 0.253922 0.231706
733 3605 0.067653 -1 0.442739 3151 0.0565611 1 0.25935 1581 0.777363 1 0.136257 0.211903
734 3989 0.112441 1 0.446032 3524 0.0803911 1 0.187471 3889 0.182193 1 0.203831 0.220921
735 3479 0.0616272 -1 0.439364 3482 0.051697 1 0.226601 2070 0.029548 -1 0.162565 0.225411
736 1452 0.705237 -1 0.444505 1361 0.673776 1 0.240455 3120 0.049663 -1 0.144984 0.233262
737 3030 0.066658 1 0.443052 1925 0.0702475 1 0.212059 694 0.317993 -1 0.184657 0.209583
738 3444 0.0690262 -1 0.444645 1774 0.332053 -1 0.253215 3040 0.0246388 -1 0.143001 0.210628
739 2079 0.021102 -1 0.445514 2399 0.014898 1 0.108143 862 0.59511 1 0.280213 0.227115
740 1094 0.5548 -1 0.432168 613 0.308904 1 0.333955 2216 0.21077 1 0.0494247 0.237614
741 2047 0.241959 1 0.424813 3934 0.0604409 -1 0.026833 2059 0.0130778 -1 0.366049 0.217608
742 3559 0.0546487 1 0.429986 4059 0.117626 -1 0.358153 4015 0.118857 1 0.0314246 0.224543
743 10 0.183014 -1 0.436672 283 0.244657 -1 0.077692 1641 0.822056 1 0.316162 0.215571
744 1539 0.761592 -1 0.440187 2878 0.0280045 1 0.280363 1451 0.566608 -1 0.114028 0.214446
745 218 0.234981 1 0.44366 94 0.3314 -1 0.213898 3327 0.0458831 -1 0.169963 0.236598
746 2244 0.174067 1 0.434748 2180 0.148809 -1 0.0831958 2815 0.0158469 -1 0.309119 0.218797
747 3678 0.0343173 1 0.42944 2220 0.0379713 1 0.318875 3583 6.96749e-06 -1 0.0714015 0.223074
748 3882 0.177851 1 0.442714 3819 0.2001 -1 0.046524 1858 0.322086 1 0.353818 0.20202
749 3496 0.0360336 1 0.432305 2267 0.0175544 1 0.338928 2911 0.142729 1 0.0574141 0.210365
750 2977 0.138316 1 0.439143 2438 0.0612397 1 0.142034 2301 0.0140559 -1 0.239294 0.241959
751 3393 0.10571 -1 0.444009 1311 0.684537 -1 0.300634 3328 0.073036 -1 0.0921853 0.217739
752 1882 0.148158 1 0.440427 1886 0.111746 -1 0.118447 3308 0.172153 1 0.267046 0.233151
753 4072 0.126629 1 0.439719 3977 0.101344 -1 0.205889 936 0.481124 -1 0.17755 0.237487
754 3555 0.0756763 1 0.437581 3048 0.144219 -1 0.293497 2060 0.280033 1 0.0917776 0.233609
755 3133 0.162359 -1 0.4442 1939 0.167211 1 0.229286 3928 0.157383 1 0.153421 0.239038
756 3187 0.0830801 1 0.44284 1810 0.0457119 1 0.129348 2496 0.0430776 -1 0.262183 0.22044
757 614 0.359726 1 0.438561 1446 0.832856 -1 0.158878 1903 0.0782437 -1 0.223225 0.240316
758 1033 0.495363 -1 0.440345 903 0.489888 1 0.162278 1365 0.521264 -1 0.21165 0.257701
759 3194 0.105047 1 0.437351 1444 0.680721 1 0.277806 1388 0.509133 -1 0.113207 0.221528
760 3258 0.135449 -1 0.44018 1820 0.08772 -1 0.181466 2154 0.211744 1 0.207843 0.225108
761 1815 0.162888 1 0.441331 1686 0.144002 -1 0.224824 1976 0.14285 1 0.159298 0.236045
762 3288 0.078975 1 0.437056 1969 0.0966869 1 0.250169 3367 0.195753 1 0.134403 0.235092
763 1720 0.161227 1 0.43966 2487 0.0943964 -1 0.112869 2190 0.168177 1 0.277799 0.222253
764 3289 0.144556 -1 0.437537 2689 0.195527 -1 0.218232 3852 0.129484 1 0.171669 0.223864
765 1856 0.0198936 -1 0.43954 1862 0.105063 1 0.0470435 1863 0.0416006 -1 0.344194 0.221057
766 4046 0.0479575 1 0.434579 1601 0.838563 -1 0.343372 1648 0.793752 1 0.0522585 0.211853
767 2483 0.200184 1 0.436882 2209 0.154101 -1 0.0207971 2019 0.410305 1 0.386232 0.18813
768 2177 0.0277665 1 0.431811 3046 0.248043 -1 0.333542 3970 0.0202988 -1 0.0592273 0.217842
769 1048 0.483992 -1 0.433548 419 0.345898 -1 0.0779197 2492 0.00843384 -1 0.309533 0.229015
770 1446 0.721382 1 0.441407 833 0.498366 1 0.295055 1509 0.782715 1 0.0912671 0.231399
771 1417 0.599145 -1 0.445058 2187 0.0462058 1 0.0987389 2151 0.080833 -1 0.290619 0.225006
772 1779 0.147013 1 0.446899 3070 0.173455 -1 0.258586 1666 0.0273526 -1 0.137919 0.210026
773 768 0.320418 -1 0.444721 1440 0.728997 -1 0.116174 2266 0.122417 1 0.281038 0.208548
774 3409 0.0469996 1 0.444091 2850 0.0307195 1 0.259028 3839 0.0156011 -1 0.13464 0.215961
775 652 0.351057 1 0.44323 751 0.363883 -1 0.141132 1001 0.475864 -1 0.254078 0.212733
776 2692 0.100966 1 0.441691 646 0.328297 1 0.23408 2628 0.146893 1 0.14924 0.237739
777 1943 0.286578 1 0.443877 3486 0.040336 1 0.12667 1648 0.535652 -1 0.263036 0.224274
778 4098 0.0599109 1 0.437878 4133 0.0840439 -1 0.247216 4145 0.158862 1 0.144386 0.22029
779 3591 0.0729392 1 0.428785 2402 0.138124 -1 0.315547 2661 0.089742 -1 0.0729796 0.226755
780 2053 0.12987 1 0.440469 2864 0.0889587 -1 0.161933 3962 0.0316587 -1 0.237407 0.204108
781 2833 0.0485552 1 0.443273 2644 0.0819499 -1 0.262912 2482 0.102881 1 0.132727 0.211834
782 2293 0.15402 1 0.437412 2171 0.127524 -1 0.0970104 2386 0.146748 1 0.294039 0.221452
783 2418 0.093694 -1 0.443043 2322 0.0596533 1 0.197119 1489 0.656905 -1 0.194375 0.22052
784 3988 0.151038 1 0.442207 4155 0.082185 -1 0.117835 4085 0.167956 1 0.275556 0.216542
785 290 0.199425 1 0.437174 639 0.318566 1 0.319008 4074 0.204464 1 0.0755136 0.214172
786 172 0.191715 -1 0.437503 2992 0.0387451 1 0.139837 1046 0.463222 -1 0.253196 0.21729
787 337 0.237276 1 0.436326 3099 0.0791465 1 0.186284 2185 0.175446 1 0.202823 0.225533
788 1452 0.635233 -1 0.443137 2159 0.045207 1 0.165144 1420 0.835385 1 0.228468 0.216079
789 2512 0.0747993 -1 0.438943 1029 0.495448 1 0.204319 3819 0.168255 1 0.171699 0.253242
790 1040 0.493173 -1 0.434755 2205 0.0974271 -1 0.152971 918 0.497121 -1 0.227221 0.244365
791 957 0.51568 1 0.435376 1033 0.565483 -1 0.144554 830 0.31923 -1 0.235191 0.245315
792 662 0.328937 1 0.434947 1962 0.116478 1 0.22653 3261 0.0410027 -1 0.157672 0.235875
793 3273 0.0845615 1 0.43982 632 0.360276 -1 0.182993 2691 0.154235 1 0.20342 0.231208
794 2080 0.0523864 -1 0.437311 3237 0.190198 -1 0.183387 2082 0.0480577 -1 0.199772 0.238081
795 2114 0.0637839 1 0.437085 1397 0.586492 1 0.214791 1856 0.0198774 -1 0.180241 0.213104
796 3863 0.080064 -1 0.443732 3924 0.0649521 1 0.193575 3889 0.0733516 -1 0.185281 0.247203
797 3999 0.0325755 -1 0.443388 959 0.480427 1 0.156373 1151 0.613128 1 0.237304 0.215943
798 3574 0.075525 -1 0.440895 3559 0.055422 1 0.281451 3209 0.0314423 -1 0.111223 0.218043
799 3501 0.104703 1 0.433525 1809 0.185703 1 0.114006 3878 0.171384 1 0.27378 0.228315
800 1884 0.0199127 1 0.441292 3580 0.15579 -1 0.288773 1131 0.49565 -1 0.104766 0.21623
801 1513 0.616951 -1 0.436095 1999 0.182163 1 0.100124 2260 0.221706 1 0.283553 0.236984
802 3578 0.0477703 1 0.436006 1881 0.051107 1 0.336098 4019 0.21782 1 0.061595 0.207544
803 2801 0.122251 1 0.439099 2767 0.149106 -1 0.0602931 3081 0.0244181 -1 0.339353 0.20347
804 2663 0.062317 1 0.432768 444 0.355382 -1 0.355714 58 0.312722 1 0.04015 0.211365
805 242 0.195367 -1 0.435133 122 0.169277 1 0.161133 3575 0.118972 1 0.225888 0.229927
806 646 0.348568 1 0.442515 584 0.361119 -1 0.217583 582 0.348461 1 0.168032 0.232892
807 3364 0.0471179 1 0.43819 2556 0.176972 -1 0.307084 3755 0.18112 1 0.087136 0.214804
808 2067 0.0342644 -1 0.429626 3689 0.133623 -1 0.0637698 2925 0.0148121 -1 0.323317 0.229787
809 4040 0.0508241 1 0.434055 2538 0.210457 -1 0.380159 3977 0.0746372 1 0.0165086 0.209685
810 3008 0.203075 1 0.422044 3854 0.0453942 1 0.0687932 719 0.416347 1 0.318197 0.229991
811 1376 0.697025 -1 0.439453 3566 0.0305588 1 0.231665 1149 0.580726 1 0.160102 0.219946
812 1696 0.118507 1 0.443852 3808 0.153595 -1 0.147506 378 0.288718 1 0.247277 0.213625
813 1848 0.234296 1 0.444529 1459 0.820336 -1 0.152137 3296 0.0442149 -1 0.242665 0.213586
814 2664 0.124542 1 0.444204 3911 0.0473404 1 0.169306 3997 0.0241817 -1 0.228254 0.20782
815 3550 0.0369437 1 0.443935 3198 0.215237 -1 0.316305 3103 0.00143998 -1 0.0749846 0.220947
816 2924 0.17331 1 0.441771 3148 0.174066 -1 0.0825708 1674 0.0463867 -1 0.316785 0.204076
817 1707 0.162642 1 0.432056 1771 0.471121 -1 0.176888 2249 0.183121 1 0.217878 0.213661
818 4045 0.128488 1 0.445861 1196 0.548499 -1 0.163091 3912 0.14245 1 0.229439 0.218345
819 2631 0.120091 1 0.441845 3587 0.0614446 1 0.200226 2765 0.104873 1 0.194701 0.213324
820 4157 0.0287604 -1 0.448206 3672 0.0233137 1 0.151282 3155 0.105233 1 0.248317 0.203569
821 1911 0.213245 1 0.437018 2747 0.0435598 1 0.213705 4057 0.175498 1 0.177448 0.221234
822 1494 0.729528 -1 0.441027 1467 0.735975 1 0.213423 1516 0.601062 -1 0.171951 0.233399
823 3508 0.0848353 -1 0.432168 286 0.340402 -1 0.306653 3505 0.0363049 -1 0.0771355 0.236749
824 1468 0.526146 -1 0.43431 3317 0.17474 -1 0.117831 2153 0.197031 1 0.270174 0.227854
825 1594 0.672765 -1 0.440459 3546 0.0661425 1 0.190238 1658 0.590707 -1 0.187092 0.25045
826 4005 0.0898676 1 0.442244 2657 0.135298 -1 0.303544 3908 0.112208 1 0.0889282 0.218465
827 1865 0.0754662 -1 0.435792 614 0.329579 1 0.114694 2912 0.359592 1 0.274571 0.225202
828 1938 0.141866 1 0.444021 2766 0.0412925 1 0.296674 774 0.322058 -1 0.0993412 0.211048
829 1804 0.265994 1 0.444693 3033 0.0768308 1 0.110419 3129 0.0298706 -1 0.285318 0.21163
830 3938 0.149309 -1 0.433972 1893 0.058117 1 0.357125 1088 0.58275 1 0.0362057 0.216666
831 3471 0.0952564 1 0.433804 1457 0.738821 -1 0.113331 3989 0.239591 1 0.280314 0.216007
832 1980 0.0803639 -1 0.442039 2782 0.0345383 1 0.279422 4095 0.0134106 -1 0.104313 0.236862
833 3007 0.07137 -1 0.440063 1122 0.498605 1 0.140183 1064 0.480781 -1 0.251409 0.220312
834 1972 0.16208 1 0.436626 1907 0.341584 -1 0.265496 1401 0.743514 1 0.124631 0.223389
835 1729 0.169606 1 0.437842 3612 0.131674 -1 0.112054 800 0.307118 -1 0.287391 0.203889
836 2220 0.127627 1 0.446879 614 0.323064 1 0.154233 2916 0.144984 1 0.245809 0.202644
837 1874 0.259259 1 0.442188 3119 0.0500904 1 0.0924746 2735 0.0282636 -1 0.293483 0.232168
838 68 0.193972 1 0.434261 1289 0.517212 1 0.318323 1251 0.602561 -1 0.070936 0.225214
839 1259 0.623756 -1 0.435978 666 0.317387 1 0.13753 1420 0.575032 -1 0.247996 0.23308
840 3591 0.135566 1 0.447452 2965 0.023232 1 0.193347 2293 0.149436 1 0.198615 0.219536
841 2042 0.152003 1 0.437963 1427 0.806782 -1 0.0829061 2069 0.0256073 -1 0.312736 0.211828
842 3176 0.147453 -1 0.440499 2772 0.122569 -1 0.325695 2706 0.145202 1 0.0687145 0.214406
843 2727 0.144294 1 0.43357 3938 0.0432456 1 0.086594 3906 0.0298225 -1 0.308859 0.212223
844 4097 0.0546672 1 0.443998 3690 0.0399907 1 0.255473 2222 0.241007 1 0.145816 0.200047
845 2111 0.0615386 -1 0.439385 2871 0.0266105 1 0.279261 3029 0.132071 1 0.114805 0.215127
846 4128 0.039675 -1 0.435205 2208 0.0287701 1 0.129841 1417 0.577603 -1 0.257567 0.229109
847 1261 0.762721 1 0.440468 1816 0.139423 1 0.0991462 1867 0.243676 1 0.290844 0.223677
848 1510 0.714268 1 0.436253 1446 0.85802 -1 0.278117 2604 0.0544492 1 0.104224 0.239812
849 2475 0.183962 1 0.429409 2415 0.20406 -1 0.0436436 1317 0.496822 -1 0.349336 0.217403
850 1382 0.693586 1 0.431616 1634 0.422562 1 0.293193 1415 0.763429 1 0.0959385 0.225482
851 2464 0.0512984 -1 0.433583 2691 0.0661127 1 0.163826 2478 0.0307825 -1 0.225287 0.22552
852 1371 0.64418 -1 0.439517 936 0.528717 -1 0.198439 1424 0.547041 -1 0.193428 0.219735
853 928 0.515102 1 0.428148 3440 0.0255082 1 0.188232 222 0.309858 1 0.195664 0.236521
854 239 0.205093 -1 0.444378 1103 0.518514 -1 0.187824 2288 0.202562 1 0.203261 0.221377
855 1806 0.135417 1 0.440452 263 0.210753 1 0.268718 1744 0.178595 1 0.122211 0.221704
856 0 0.269318 -1 0.446022 1652 0.729775 -1 0.230541 4146 0.139268 1 0.161643 0.219069
857 1621 0.691854 1 0.447033 4033 0.151077 -1 0.162178 2342 0.208643 1 0.235353 0.20788
858 2820 0.118424 -1 0.4419 2348 0.0474923 1 0.294593 2756 0.0975083 -1 0.100187 0.213631
859 2744 0.0256157 -1 0.433058 1435 0.627808 1 0.0598821 2055 0.0397689 -1 0.325556 0.233265
860 3103 0.166389 -1 0.436586 4062 0.114345 -1 0.300865 3391 0.123538 1 0.0863826 0.229449
861 4045 0.200782 1 0.436609 1650 0.698475 -1 0.0572852 3754 0.233834 1 0.334915 0.219037
862 2691 0.0580085 1 0.427041 3624 0.0222295 1 0.339845 3762 0.0190269 -1 0.0517318 0.220346
863 3040 0.0218917 -1 0.433096 3361 0.00621648 1 0.0479241 1166 0.554693 1 0.348221 0.210777
864 1312 0.733012 -1 0.436701 3048 0.191592 -1 0.274838 1259 0.606225 -1 0.114802 0.224411
865 3973 0.139729 1 0.441967 3101 0.0675305 1 0.161382 2197 0.198281 1 0.230536 0.219628
866 1448 0.659701 -1 0.444539 2663 0.0755155 1 0.137719 614 0.366329 1 0.25046 0.227487
867 1011 0.48991 -1 0.430277 850 0.473775 1 0.12955 1036 0.492734 -1 0.253035 0.239295
868 1845 0.156175 1 0.438768 255 0.218531 1 0.289063 1561 0.78692 1 0.100827 0.223887
869 269 0.172869 -1 0.433299 263 0.175123 1 0.0948286 3532 0.149615 1 0.297387 0.219005
870 610 0.365981 -1 0.436246 615 0.328121 1 0.336421 1635 0.816319 1 0.0556507 0.219307
871 648 0.334079 -1 0.429502 3483 0.0334921 1 0.150606 1659 0.310476 -1 0.236644 0.229443
872 621 0.336836 1 0.428018 1003 0.484593 1 0.203855 1001 0.474404 -1 0.162208 0.274571
873 1685 0.0610359 -1 0.437914 1168 0.483713 1 0.133365 2062 0.356779 1 0.255749 0.225517
874 2440 0.0703055 1 0.43928 2860 0.121602 -1 0.223779 212 0.128361 -1 0.170445 0.214795
875 712 0.337302 -1 0.442597 645 0.308994 1 0.176777 1683 0.18205 1 0.213092 0.223932
876 2943 0.0555134 -1 0.447051 2333 0.0817965 -1 0.115684 2200 0.229709 1 0.278605 0.214658
877 3227 0.0696646 1 0.428603 354 0.316464 -1 0.327764 405 0.147381 -1 0.0618225 0.224525
878 1872 0.108518 -1 0.441917 1968 0.109793 1 0.154155 3091 0.0987526 1 0.232426 0.230854
879 1911 0.157286 1 0.437792 1490 0.779752 -1 0.275744 1919 0.273652 1 0.116242 0.219487
880 3261 0.102225 -1 0.442733 3143 0.0534052 1 0.154191 4107 0.172777 1 0.232878 0.229825
881 1614 0.681312 -1 0.443511 1494 0.610565 1 0.188136 1695 0.00447484 -1 0.204101 0.21896
882 2649 0.0471928 1 0.44155 1219 0.485539 1 0.297849 2757 0.13042 1 0.0972092 0.21305
883 1075 0.488519 -1 0.436549 3094 0.0963677 -1 0.11296 1583 0.81748 1 0.277118 0.223492
884 1276 0.641392 -1 0.441809 2548 0.0165322 1 0.257814 1390 0.79968 1 0.135556 0.216586
885 2062 0.0323784 -1 0.436248 1930 0.0630204 1 0.0407936 1411 0.562838 -1 0.357552 0.206182
886 614 0.339456 1 0.434058 1477 0.868222 -1 0.283494 1893 0.186535 1 0.0998693 0.237648
887 642 0.32967 -1 0.43028 345 0.231053 1 0.152794 1506 0.859106 1 0.231577 0.235517
888 1037 0.509773 -1 0.441295 1476 0.624799 1 0.233212 3136 0.201735 1 0.161774 0.213201
889 1116 0.509829 1 0.437996 809 0.326743 1 0.183737 1108 0.462326 -1 0.196697 0.243853
890 4008 0.148127 1 0.440031 1797 0.0621045 1 0.188127 4104 0.167061 1 0.199233 0.229213
891 1538 0.68703 -1 0.44297 2367 0.0949609 -1 0.210018 1448 0.594968 -1 0.182296 0.218797
892 2342 0.0817139 1 0.440645 2339 0.127262 -1 0.247256 1692 0.0145966 -1 0.145507 0.217856
893 143 0.176091 -1 0.435972 58 0.163567 1 0.0883376 264 0.303178 1 0.301248 0.224528
894 2297 0.0796796 1 0.444349 2676 0.0676744 -1 0.227987 2260 0.158011 1 0.149941 0.249176
895 3098 0.0948368 1 0.442133 2215 0.0777268 1 0.293961 2271 0.0191333 -1 0.10011 0.215116
896 3962 0.0933183 1 0.438371 4159 0.0671538 -1 0.170384 3991 0.165526 1 0.217638 0.227819
897 88 0.195466 1 0.445022 728 0.365141 -1 0.319052 941 0.572965 1 0.0680806 0.229691
898 215 0.155057 -1 0.423703 345 0.168327 1 0.0385608 2923 0.224609 1 0.348581 0.229672
899 3779 0.0321493 1 0.435775 3328 0.0956284 -1 0.331604 3124 0.106036 1 0.0659074 0.207922
900 2946 0.0546091 1 0.431251 3623 0.0780202 1 0.292393 3200 0.0101462 -1 0.0912002 0.237162
901 2385 0.130254 1 0.439717 2678 0.117472 -1 0.132507 2291 0.134392 1 0.256916 0.22487
902 554 0.348145 1 0.442928 134 0.202958 1 0.146367 1879 0.0977075 -1 0.244625 0.221572
903 197 0.236631 -1 0.439603 292 0.182212 1 0.203767 4083 0.171555 1 0.186196 0.223733
904 466 0.336592 -1 0.430419 1029 0.574014 -1 0.20541 2165 0.046894 -1 0.173692 0.246681
905 3910 0.143421 1 0.444058 1914 0.0478901 1 0.106066 2724 0.135521 1 0.296176 0.198066
906 2631 0.143269 1 0.443541 1771 0.07493 1 0.151368 4008 0.235134 1 0.241242 0.218177
907 758 0.326153 1 0.440387 3934 0.0993394 -1 0.263619 591 0.327702 1 0.130699 0.214597
908 3767 0.187598 1 0.434759 2469 0.177463 -1 0.0260905 1671 0.380645 1 0.377683 0.194883
909 2378 0.0269124 1 0.428937 3675 0.160609 -1 0.37543 2040 0.0103032 -1 0.0183163 0.215795
910 1529 0.771956 1 0.436167 1454 0.686975 -1 0.126423 565 0.321196 -1 0.264375 0.22198
911 3103 0.163255 -1 0.436634 3163 0.0726725 1 0.296755 3154 0.0162163 -1 0.0987204 0.212178
912 2223 0.153615 1 0.436312 2160 0.171234 -1 0.0873393 140 0.176786 -1 0.299366 0.230592
913 4145 0.0722626 -1 0.444181 1889 0.0771827 1 0.179168 2490 0.022869 -1 0.216071 0.212672
914 3991 0.0628738 1 0.434628 3629 0.129388 -1 0.307337 4052 0.149038 1 0.0723676 0.245401
915 1323 0.800594 1 0.438715 1302 0.79771 -1 0.0888161 3878 0.205902 1 0.306496 0.212519
916 3001 0.193886 -1 0.434696 1615 0.79637 -1 0.283798 232 0.232826 1 0.101421 0.233728
917 4079 0.121927 1 0.437801 1396 0.789093 -1 0.143881 4016 0.16616 1 0.235993 0.245041
918 4137 0.12116 -1 0.441837 3555 0.0654406 1 0.278958 4039 0.0983792 -1 0.109486 0.226928
919 3554 0.085081 -1 0.443289 2766 0.0388852 1 0.188861 2925 0.012796 -1 0.204824 0.215925
920 4040 0.18031 1 0.442816 1944 0.123373 1 0.144926 2371 0.0358249 -1 0.249589 0.214186
921 2244 0.0781924 1 0.432612 3364 0.0418788 1 0.298325 2308 0.126725 1 0.079675 0.249024
922 645 0.358382 1 0.444103 744 0.369161 -1 0.167642 2275 0.0795994 -1 0.216947 0.235059
923 2160 0.149539 1 0.431975 1662 0.636041 -1 0.077884 2887 0.201079 1 0.30844 0.231395
924 2275 0.0514762 1 0.430846 2848 0.141091 -1 0.30854 2138 0.0729737 1 0.083937 0.218457
925 2069 0.0355594 -1 0.441608 1238 0.486419 1 0.0795616 3889 0.179398 1 0.312336 0.219672
926 2691 0.100355 1 0.443049 1925 0.0750599 1 0.21556 2628 0.156249 1 0.17432 0.223908
927 2018 0.0922128 1 0.441979 3959 0.128319 -1 0.216774 3559 0.203175 1 0.176416 0.216963
928 1341 0.604102 -1 0.44701 1832 0.185277 -1 0.237267 2837 0.111323 1 0.156916 0.214881
929 2601 0.0746605 -1 0.436089 3149 0.0616446 1 0.181161 2679 0.0265852 -1 0.201946 0.23819
930 2026 0.105695 1 0.438602 1466 0.571305 1 0.269277 1932 0.175058 1 0.114963 0.235794
931 1481 0.532318 -1 0.429086 2257 0.0427622 1 0.0666672 2111 0.00540332 -1 0.320151 0.230352
932 3390 0.0270993 1 0.440279 2233 0.0394897 1 0.346593 3007 6.09084e-09 -1 0.0486038 0.212761
933 1700 0.176277 1 0.436413 3080 0.165733 -1 0.100279 1668 0.0406757 -1 0.290381 0.222271
934 1687 0.0439894 -1 0.441603 2263 0.0490851 1 0.11565 2231 0.049892 -1 0.269732 0.233383
935 1700 0.0514731 1 0.439953 2804 0.0637201 -1 0.305457 1449 0.825393 1 0.0909512 0.210226
936 1037 0.509773 -1 0.435672 2134 0.0270119 1 0.228263 3327 0.0454801 -1 0.149266 0.250025
937 866 0.521808 1 0.441293 2822 0.0649404 1 0.167859 2079 0.0122211 -1 0.222415 0.22308
938 207 0.272202 -1 0.442458 1378 0.731029 -1 0.334788 212 0.21403 -1 0.0591881 0.215315
939 3105 0.1134 1 0.441353 1451 0.45368 1 0.201483 1857 0.278244 1 0.188443 0.223811
940 2450 0.105865 1 0.434258 614 0.325985 1 0.139277 4045 0.225286 1 0.253385 0.218068
941 1901 0.158168 -1 0.446555 1994 0.1156 1 0.235753 1995 0.0798757 -1 0.144588 0.244049
942 1414 0.756326 1 0.445752 1382 0.80978 -1 0.232318 1541 0.756521 1 0.158252 0.222459
943 3934 0.0644456 -1 0.44401 2974 0.162652 -1 0.265932 3121 0.139792 1 0.126796 0.21793
944 3277 0.1073 1 0.444168 407 0.199782 1 0.14363 102 0.276141 1 0.236197 0.245141
945 393 0.252988 -1 0.442225 4026 0.0438699 1 0.22427 2680 0.122297 1 0.167524 0.21989
946 1635 0.665634 -1 0.442301 229 0.289259 -1 0.169684 3180 0.0409453 -1 0.221919 0.22029
947 1457 0.684383 -1 0.444708 3890 0.050925 1 0.201905 3313 0.0212405 -1 0.187216 0.225503
948 3026 0.118758 1 0.442329 1807 0.0894574 1 0.0987562 3869 0.0187883 -1 0.299108 0.207187
949 2324 0.0625338 1 0.434864 2269 0.105662 -1 0.312747 1486 0.807175 1 0.0779224 0.222249
950 2779 0.100474 1 0.438731 2684 0.11584 -1 0.181151 3990 0.193162 1 0.206896 0.227765
951 2623 0.067922 1 0.441909 3541 0.0828984 -1 0.189672 1517 0.512285 -1 0.20454 0.214821
952 614 0.339565 1 0.436873 1042 0.556517 -1 0.274752 598 0.343854 1 0.110453 0.233756
953 520 0.33659 -1 0.434893 970 0.499323 -1 0.192649 1632 0.85965 1 0.200139 0.217803
954 1029 0.513993 1 0.430805 1858 0.0265014 1 0.217698 194 0.291845 1 0.16217 0.245055
955 1383 0.806281 1 0.438976 1413 0.852536 -1 0.0964979 2221 0.220104 1 0.29157 0.22772
956 3107 0.0740449 1 0.435137 2776 0.118782 -1 0.347618 4150 0.0207993 -1 0.0524079 0.202679
957 1080 0.498975 -1 0.438103 1839 0.229369 -1 0.172331 1442 0.779101 1 0.212444 0.234665
958 1244 0.525185 1 0.435361 1949 0.0940201 -1 0.113631 2340 0.0509486 -1 0.273179 0.230371
959 1810 0.186826 1 0.442335 2631 0.0746347 1 0.233242 1840 0.206583 1 0.148625 0.240815
960 2907 0.0562739 -1 0.437236 3917 0.0324076 1 0.136281 2085 0.0322002 -1 0.248785 0.23405
961 3777 0.0617407 1 0.434043 69 0.286294 -1 0.233888 1718 0.0195803 -1 0.157566 0.220603
962 1506 0.619782 -1 0.43936 2244 0.0645312 1 0.123765 2261 0.200753 1 0.262697 0.231104
963 607 0.349089 -1 0.435007 3706 0.0308476 1 0.317435 237 0.129231 -1 0.0716523 0.225575
964 652 0.350104 1 0.429779 133 0.194242 1 0.151379 1032 0.476594 -1 0.232196 0.237202
965 3152 0.193243 1 0.432582 352 0.296533 -1 0.0535491 212 0.12743 -1 0.340496 0.21517
966 188 0.192894 1 0.427867 4006 0.061666 1 0.352777 627 0.319571 -1 0.0316591 0.235381
967 4074 0.161762 1 0.433809 4038 0.1739 -1 0.13541 3344 0.0152244 -1 0.246266 0.241221
968 1425 0.792778 -1 0.442428 4046 0.0477472 1 0.331196 2082 0.160388 1 0.0640782 0.212598
969 4146 0.0484556 -1 0.435642 242 0.277379 -1 0.116599 2443 0.156675 1 0.264908 0.24158
970 88 0.256777 1 0.443362 1023 0.48986 1 0.17135 1847 0.311751 1 0.211647 0.238424
971 3222 0.083678 1 0.441993 3896 0.0432608 1 0.153858 2808 0.10736 1 0.237151 0.221536
972 1017 0.505357 -1 0.4346 1027 0.481689 1 0.189349 853 0.578436 1 0.193432 0.238882
973 3910 0.110229 1 0.442596 472 0.322612 1 0.183322 2407 0.137083 1 0.209424 0.217892
974 1449 0.713342 -1 0.443212 3020 0.026617 1 0.240717 1039 0.485695 -1 0.145425 0.23178
975 2311 0.12653 1 0.435221 2369 0.0926655 -1 0.122026 3308 0.206152 1 0.271972 0.215269
976 1803 0.134078 1 0.439693 207 0.275477 -1 0.282551 1708 0.163471 1 0.111946 0.214224
977 3189 0.0293164 -1 0.43851 4159 0.0540799 -1 0.123861 3181 0.027393 -1 0.255689 0.24573
978 1897 0.133286 -1 0.441443 2273 0.0306705 1 0.21766 2474 0.067234 -1 0.172238 0.22387
979 1180 0.521131 1 0.439862 1068 0.567425 -1 0.127259 2266 0.116884 1 0.258904 0.231736
980 1372 0.604002 -1 0.43981 1812 0.129262 1 0.211629 2075 0.00818891 -1 0.178248 0.223915
981 2184 0.194116 1 0.445496 4035 0.042741 1 0.106906 2248 0.159809 1 0.272096 0.246892
982 2249 0.113458 -1 0.441023 2153 0.0544524 1 0.18624 2153 0.0424821 -1 0.188127 0.256764
983 1462 0.742357 -1 0.438703 4116 0.0213604 1 0.232379 3119 0.197703 1 0.160118 0.218413
984 4128 0.0502881 -1 0.439251 2223 0.0592588 1 0.166788 3955 0.169448 1 0.218777 0.232996
985 1497 0.736452 1 0.445615 614 0.334738 1 0.178078 1499 0.722647 1 0.199667 0.249565
986 968 0.518132 -1 0.426268 831 0.349176 -1 0.242884 3028 0.111132 1 0.132088 0.255473
987 3737 0.0396289 -1 0.426626 3610 0.0374764 1 0.091582 2164 0.204896 1 0.296785 0.227092
988 3591 0.107027 1 0.44229 1924 0.0626242 1 0.25129 1275 0.396552 -1 0.140797 0.219275
989 3144 0.114891 -1 0.445145 1264 0.712984 -1 0.22938 2200 0.207985 1 0.162037 0.22068
990 3067 0.136346 1 0.443223 1817 0.0615021 1 0.230589 1452 0.568057 -1 0.157123 0.228472
991 3091 0.0991388 1 0.440332 2299 0.0185718 1 0.10419 646 0.371921 1 0.289065 0.216826
992 642 0.336731 -1 0.439109 1577 0.62965 1 0.199917 2035 0.196647 1 0.18931 0.225283
993 1531 0.623647 -1 0.435972 612 0.381168 -1 0.138303 1888 0.018702 -1 0.250866 0.225404
994 1024 0.506987 1 0.436501 323 0.193305 1 0.217362 364 0.175725 -1 0.169543 0.230172
995 1797 0.0830775 1 0.444346 1910 0.10446 1 0.332005 2276 0.183657 1 0.0679476 0.202832
996 3731 0.10151 1 0.430169 3662 0.0860779 -1 0.10775 4025 0.137061 1 0.276967 0.234786
997 2010 0.0373214 -1 0.436966 1398 0.563865 1 0.0995498 1688 0.0212126 -1 0.295253 0.213585
998 2695 0.114353 1 0.434783 3083 0.145788 -1 0.203543 2631 0.141161 1 0.185373 0.225937
999 578 0.348089 -1 0.442312 1601 0.755126 -1 0.267686 3755 0.177255 1 0.119723 0.229109
