nWC | f, sP, d, e |  f, sP, d, e | f, sP, d, e | alpha
0 3187 0.0506159 -1 0.215877 1890 0.0576676 1 0.113221 3129 0.0251735 -1 0.0484965 0.822753
1 4038 0.164786 1 0.269555 1663 0.581271 -1 0.0525737 3775 0.00295883 -1 0.154707 0.670699
2 1779 0.212986 1 0.312534 1863 0.271747 -1 0.156179 3007 1.24445e-09 -1 0.0773837 0.594151
3 3321 0.143749 1 0.328252 3192 0.139569 -1 0.0837883 3743 0.00114577 -1 0.151597 0.589073
4 35 0.26595 1 0.33041 145 0.279168 -1 0.196703 3744 0.00685456 -1 0.0493882 0.559786
5 415 0.287251 1 0.332738 3324 0.0275529 1 0.130411 231 0.191941 -1 0.121263 0.544854
6 384 0.343476 1 0.308271 1793 0.0368506 1 0.0676022 2597 0.159985 1 0.180434 0.554557
7 1069 0.485785 -1 0.338491 788 0.317668 1 0.119371 3328 0.000365345 -1 0.146342 0.508241
8 2937 0.178888 1 0.339705 1269 0.658891 -1 0.0616796 3199 5.47783e-10 -1 0.195316 0.530821
9 784 0.330279 1 0.317406 622 0.351207 -1 0.137688 1032 0.463805 -1 0.0672508 0.677854
10 3520 0.139826 1 0.318644 256 0.221777 1 0.0334911 3585 0.134472 1 0.225862 0.524666
11 579 0.323347 1 0.345948 28 0.199374 1 0.214473 11 0.358657 1 0.0510744 0.508667
12 3232 0.00362142 -1 0.315534 1904 0.340568 -1 0.0511048 2157 0.174699 1 0.204738 0.533845
13 1490 0.628271 -1 0.362444 3996 0.0269586 1 0.152099 2490 0.0102706 -1 0.128403 0.470987
14 2111 0.0125267 -1 0.354733 1278 0.161522 1 0.0984019 2203 0.176425 1 0.170642 0.49974
15 3990 0.150853 1 0.343066 2415 0.0461937 1 0.0867072 4076 0.129694 1 0.181357 0.502233
16 2496 0.0185148 -1 0.369641 1283 0.250848 1 0.153995 2105 0.0182019 -1 0.130465 0.461221
17 4 0.334749 1 0.345683 1362 0.769095 -1 0.0646571 2656 0.154677 1 0.206696 0.493885
18 1411 0.65094 1 0.36013 1407 0.751847 -1 0.196643 3136 6.49784e-09 -1 0.0760479 0.490505
19 4128 0.0148295 -1 0.369821 3284 0.0252956 1 0.105693 262 0.353528 1 0.182089 0.453091
20 3588 0.047853 1 0.352705 1652 0.670248 -1 0.180287 3327 1.99939e-08 -1 0.0887011 0.499881
21 2204 0.0494912 1 0.365467 1031 0.539564 -1 0.184938 2943 3.66065e-09 -1 0.0977538 0.465574
22 3453 0.0679149 1 0.355923 3417 0.0831097 -1 0.0952005 3120 0.251415 1 0.160958 0.533015
23 2154 0.0728613 1 0.359141 1279 0.568128 -1 0.175264 2306 0.109542 1 0.0970062 0.491567
24 2976 0.00669973 -1 0.351623 474 0.352922 -1 0.084275 2816 0.000293515 -1 0.196908 0.4693
25 1881 0.105458 1 0.357556 3101 0.0137589 1 0.202717 1155 0.556412 1 0.0679331 0.495662
26 139 0.202161 -1 0.351302 1334 0.722982 -1 0.0928776 210 0.196577 -1 0.177158 0.49722
27 357 0.313665 1 0.33461 1653 0.182188 1 0.0964482 3225 0.00783188 -1 0.170768 0.504396
28 3727 0.0638013 -1 0.364311 3319 0.0262515 1 0.205628 3296 6.65932e-09 -1 0.0705618 0.48172
29 816 0.351668 1 0.359846 734 0.368226 -1 0.0632728 2719 0.00178605 -1 0.201922 0.509571
30 654 0.334009 -1 0.358327 491 0.311861 1 0.180901 3552 0.172426 1 0.0950212 0.482391
31 2896 0.0477474 -1 0.374601 3280 0.00896068 1 0.172288 3954 0.161797 1 0.116272 0.451196
32 3775 0.0114091 -1 0.368706 1982 0.0232675 1 0.0780974 4022 0.202842 1 0.196591 0.485481
33 2150 0.118612 1 0.363061 1424 0.777826 -1 0.10583 2911 0.00203971 -1 0.168941 0.485275
34 3550 0.0565321 1 0.356933 1663 0.527874 -1 0.131607 2588 0.0905418 1 0.13188 0.513961
35 65 0.289485 1 0.361183 674 0.322257 1 0.157888 2814 0.0809843 1 0.122859 0.470378
36 1711 0.142193 1 0.373947 3055 0.0428206 1 0.134196 947 0.460882 -1 0.136163 0.4964
37 4044 0.0674135 1 0.367591 1037 0.516586 -1 0.186143 3939 0.165267 1 0.0946721 0.47021
38 3299 0.0906497 1 0.364236 3321 0.0773003 1 0.0984527 2687 0.00485488 -1 0.164164 0.516208
39 2902 0.02262 -1 0.363033 1660 0.243667 1 0.128626 413 0.307694 1 0.142678 0.494008
40 3744 0.0161174 -1 0.364489 1252 0.238488 1 0.0937223 2080 0.0102514 -1 0.170828 0.511225
41 3995 0.088675 1 0.332079 2243 0.0323283 1 0.113564 3712 9.29796e-05 -1 0.134087 0.555589
42 204 0.237405 -1 0.360349 378 0.205738 1 0.15503 1050 0.465092 -1 0.103314 0.527298
43 4070 0.0868035 1 0.359543 3182 0.0372297 1 0.152166 262 0.364716 1 0.104746 0.531039
44 2937 0.0732883 1 0.352861 2615 0.0946422 -1 0.139542 2912 5.67313e-09 -1 0.127352 0.505221
45 4059 0.0458646 1 0.364322 4159 0.07081 -1 0.211972 2495 0.00168816 -1 0.0536579 0.508454
46 3495 0.102325 1 0.365315 1710 0.117057 1 0.0605694 3907 0.132282 1 0.233224 0.438516
47 1248 0.539733 -1 0.359575 816 0.32597 1 0.184407 2766 0.212041 1 0.0825247 0.505124
48 2261 0.110489 1 0.346516 1362 0.816951 -1 0.0978089 2294 0.120625 1 0.180942 0.475334
49 2741 0.0241724 -1 0.358726 224 0.223876 1 0.134611 2917 0.373451 1 0.138429 0.489628
50 2717 0.0313344 1 0.358236 628 0.358737 -1 0.18193 2784 0.000521369 -1 0.099932 0.467623
51 2657 0.0650528 1 0.360418 1639 0.672185 -1 0.128095 2688 0.067041 1 0.138618 0.50568
52 2025 0.189219 1 0.361802 1895 0.250811 -1 0.127073 2111 0.000838475 -1 0.13503 0.517534
53 3316 0.0318062 1 0.355166 1795 0.0429441 1 0.200664 3681 0.000817028 -1 0.0799406 0.470733
54 3308 0.141331 1 0.353301 1634 0.650673 -1 0.0621259 3551 0.00209503 -1 0.193717 0.533845
55 1458 0.690746 -1 0.351533 3823 0.0637862 1 0.218323 3996 0.185188 1 0.0548632 0.489259
56 2417 0.0645373 1 0.363576 3840 0.0887708 -1 0.180903 2815 0.000802985 -1 0.1087 0.448657
57 2904 0.046233 -1 0.36202 3676 0.028129 1 0.203279 2527 0.00268729 -1 0.0838296 0.454734
58 3119 0.120459 1 0.369536 3244 0.0899271 -1 0.137103 3029 0.00498114 -1 0.142714 0.472684
59 288 0.316512 1 0.357503 350 0.221335 1 0.104031 3300 0.190791 1 0.164165 0.501897
60 401 0.257303 -1 0.366394 4144 0.0857264 -1 0.128774 1111 0.478139 -1 0.152519 0.469029
61 4002 0.0725378 1 0.36102 497 0.322829 1 0.166591 3844 0.171015 1 0.0983755 0.510156
62 2784 0.00280604 -1 0.361627 967 0.545184 -1 0.0529852 2588 0.0935306 1 0.239436 0.441827
63 2339 0.0814765 1 0.378579 1798 0.209676 -1 0.137374 2031 0.240501 1 0.153486 0.445605
64 3744 0.014067 -1 0.358828 1985 0.0316275 1 0.10525 2496 0.00213789 -1 0.180745 0.457457
65 2489 0.0299606 -1 0.364927 3699 0.00589348 1 0.129508 3152 0.342579 1 0.150519 0.472165
66 622 0.350805 -1 0.365862 1482 0.766532 -1 0.287333 2286 0.28659 1 0.00435803 0.443592
67 136 0.194242 -1 0.354346 7 0.188696 1 0.0580746 3767 0.00494467 -1 0.2124 0.496108
68 1729 0.108787 1 0.368632 2047 0.0284303 1 0.168995 3254 0.00917993 -1 0.111182 0.471792
69 4159 0.0323451 -1 0.345455 356 0.231136 1 0.142799 3038 0.232677 1 0.1254 0.501888
70 3549 0.0670619 1 0.360734 1877 0.148988 1 0.123486 2943 1.88239e-08 -1 0.157043 0.470918
71 4038 0.0963173 1 0.365702 826 0.320475 1 0.147063 3949 0.133652 1 0.122088 0.499467
72 96 0.320166 1 0.36198 1854 0.0325345 1 0.0795622 3087 0.201384 1 0.202729 0.466562
73 3990 0.165815 1 0.371103 4129 0.0942877 -1 0.0793365 1418 0.347819 -1 0.208011 0.45415
74 2935 0.0439588 1 0.360728 1778 0.105846 1 0.170708 3422 0.094709 1 0.109637 0.471376
75 2111 0.0140339 -1 0.361207 1791 0.0239803 1 0.119687 2985 0.00436722 -1 0.15254 0.491677
76 2625 0.0488368 1 0.374565 3037 0.0214004 1 0.148571 3007 1.62083e-09 -1 0.121038 0.498304
77 736 0.313734 1 0.377028 622 0.350805 -1 0.286969 3302 0.464605 1 0.00335743 0.446898
78 1062 0.455031 -1 0.325079 482 0.308658 1 0.0226531 3186 0.00322079 -1 0.248874 0.493444
79 784 0.341497 1 0.34816 811 0.367044 -1 0.106708 1105 0.449841 -1 0.147922 0.537035
80 1599 0.601489 -1 0.366827 3680 0.0919917 -1 0.224236 3584 0.19301 1 0.0676266 0.443179
81 320 0.334889 1 0.357732 1646 0.714478 -1 0.0959623 3298 0.154437 1 0.186073 0.467194
82 2002 0.261053 1 0.363744 1935 0.271928 -1 0.129514 166 0.193008 -1 0.143549 0.489569
83 1712 0.240141 1 0.377126 3087 0.0391531 1 0.0823726 3652 0.133492 1 0.20651 0.450408
84 2911 0.0189349 -1 0.367506 3707 0.00801499 1 0.14074 4057 0.232291 1 0.143957 0.460638
85 1858 0.127821 1 0.35848 95 0.219461 1 0.172035 3648 5.50277e-08 -1 0.110568 0.465793
86 611 0.336666 1 0.372715 615 0.356334 -1 0.124792 3103 0.00130368 -1 0.151257 0.482074
87 2974 0.0429737 1 0.362634 1301 0.694376 -1 0.177578 3359 9.88207e-09 -1 0.0847272 0.517011
88 2154 0.11116 1 0.373635 3765 0.0640015 -1 0.103096 2170 0.126526 1 0.16561 0.500599
89 2777 0.0447968 -1 0.362272 1620 0.705509 -1 0.183241 1393 0.508769 -1 0.0964878 0.472904
90 212 0.209137 -1 0.346421 58 0.202447 1 0.0827499 323 0.354103 1 0.178354 0.520119
91 1698 0.108966 1 0.367243 1922 0.290508 -1 0.148622 1701 0.00844613 -1 0.138912 0.453696
92 3321 0.0765576 1 0.360319 3061 0.0898468 -1 0.148505 3296 5.23449e-09 -1 0.118901 0.503912
93 4005 0.066357 1 0.36598 35 0.261487 1 0.20093 4071 0.154414 1 0.068037 0.499935
94 2685 0.0773343 1 0.358661 2681 0.0618958 -1 0.0799268 3615 0.00208786 -1 0.18832 0.501768
95 3055 0.0534655 1 0.337508 626 0.353211 -1 0.157726 2245 0.218071 1 0.0875394 0.562014
96 357 0.276757 1 0.376782 4146 0.106245 -1 0.199467 1649 0.314508 -1 0.096604 0.433039
97 784 0.347424 1 0.347761 3250 0.0925499 -1 0.0815617 3549 0.112459 1 0.18519 0.505584
98 3316 0.0794137 1 0.371548 1820 0.0803563 1 0.111604 2911 0.000138232 -1 0.164236 0.482597
99 236 0.239701 -1 0.345266 256 0.233347 1 0.13684 1041 0.473206 -1 0.11449 0.545766
100 1894 0.181944 -1 0.368152 2880 0.0316215 -1 0.196621 3525 0.126908 1 0.0647679 0.51938
101 194 0.234448 -1 0.365295 0 0.190905 1 0.0668796 2373 0.0927288 1 0.209741 0.480643
102 2890 0.0159206 -1 0.375504 1279 0.569817 -1 0.12023 816 0.356303 1 0.160842 0.469576
103 4159 0.0323451 -1 0.376493 1918 0.0237362 1 0.14139 186 0.314192 1 0.127162 0.500991
104 2205 0.117089 1 0.371687 2941 0.0173117 1 0.0489295 3232 1.99574e-08 -1 0.238046 0.455059
105 2814 0.0175567 1 0.350423 831 0.31786 1 0.221248 2591 0.000200961 -1 0.0564857 0.477866
106 2288 0.031827 -1 0.367565 2418 0.0318944 1 0.0585392 2938 0.140366 1 0.222593 0.469426
107 2810 0.032687 -1 0.361618 1981 0.32761 -1 0.129472 2296 0.155457 1 0.136711 0.507039
108 590 0.331489 -1 0.357849 816 0.329113 1 0.164804 2283 0.154631 1 0.10172 0.506167
109 1393 0.689609 -1 0.366496 1475 0.516083 1 0.194134 1158 0.47125 -1 0.0750649 0.499347
110 3990 0.154511 1 0.348346 805 0.33898 -1 0.0777955 2943 3.66065e-09 -1 0.195795 0.488241
111 413 0.277538 1 0.363047 1811 0.0891148 1 0.158595 1905 0.0905155 -1 0.122718 0.468978
112 3319 0.0794444 1 0.365378 3163 0.163224 -1 0.135896 0 0.365248 1 0.141799 0.47796
113 490 0.333213 1 0.361393 447 0.353999 -1 0.137077 1075 0.457562 -1 0.134031 0.494503
114 4070 0.135818 1 0.362144 830 0.322023 1 0.0941323 3296 1.71152e-08 -1 0.171935 0.507333
115 2896 0.0459934 -1 0.357986 564 0.354247 -1 0.163406 3773 0.00124091 -1 0.117494 0.470002
116 3324 0.106272 1 0.372494 1657 0.643212 -1 0.111641 3743 0.000893951 -1 0.154607 0.506871
117 3581 0.0451894 1 0.349583 1036 0.506672 -1 0.162561 262 0.336837 1 0.0888084 0.545662
118 4075 0.0865236 1 0.359784 1450 0.717573 -1 0.138722 4105 0.147359 1 0.13946 0.476749
119 2229 0.0507444 1 0.366823 674 0.315379 1 0.209488 2914 0.162455 1 0.0720882 0.468328
120 2976 0.0112998 -1 0.353421 4159 0.0829472 -1 0.0972056 1143 0.537137 1 0.18658 0.462881
121 2268 0.0816318 1 0.358829 1503 0.6983 -1 0.121895 3199 4.11839e-09 -1 0.152886 0.485249
122 2629 0.0633778 1 0.359074 1892 0.0463519 1 0.162305 4054 0.130611 1 0.108434 0.495438
123 3307 0.120732 1 0.355823 3728 0.112748 -1 0.0589593 164 0.334832 1 0.216037 0.48471
124 1489 0.713604 -1 0.36386 1761 0.027926 1 0.230303 2525 0.111066 1 0.0623691 0.44122
125 3775 0.00293195 -1 0.368452 3572 0.0779772 -1 0.0368784 2111 0.00307798 -1 0.248569 0.458799
126 1907 0.128231 1 0.368351 1275 0.275326 1 0.258136 2840 0.00456458 -1 0.0326588 0.445764
127 385 0.356002 1 0.350059 4135 0.00248014 1 0.0438215 32 0.35483 1 0.23843 0.466659
128 3297 0.0447327 1 0.373803 622 0.348875 -1 0.143345 2655 0.000191357 -1 0.147589 0.445426
129 2016 0.0937385 1 0.374291 3557 0.028203 1 0.168542 1710 0.245037 1 0.119628 0.452146
130 2368 0.0247427 -1 0.350318 3728 0.0659355 -1 0.0859696 3622 0.180808 1 0.1917 0.478024
131 4132 0.032135 -1 0.373505 4104 0.0250033 1 0.127268 2156 0.127515 1 0.157357 0.460815
132 3038 0.0831059 1 0.360529 1279 0.547078 -1 0.107604 3152 0.218127 1 0.169475 0.479499
133 3718 0.0461535 -1 0.347748 546 0.31817 1 0.177207 2080 0.00378077 -1 0.0954626 0.49056
134 4086 0.171083 1 0.36502 3808 0.15583 -1 0.0246611 3916 0.174632 1 0.265242 0.447927
135 1442 0.590679 1 0.349883 1252 0.238868 1 0.226707 3906 0.191387 1 0.0479382 0.485591
136 3872 0.0388124 -1 0.350625 1760 0.045716 1 0.103154 3768 0.00381443 -1 0.152394 0.534619
137 4 0.275763 1 0.370861 2047 0.041583 1 0.202196 103 0.164676 -1 0.0835772 0.458001
138 698 0.335897 1 0.361849 1792 0.210054 -1 0.111616 1179 0.48593 -1 0.13637 0.554691
139 3712 0.00676245 -1 0.367992 1272 0.256939 1 0.110235 4152 0.00922114 -1 0.178627 0.450458
140 3119 0.122811 1 0.347256 1776 0.0906934 1 0.145586 2104 0.0270719 -1 0.112984 0.526707
141 4108 0.081331 1 0.344654 4146 0.113267 -1 0.132975 3584 0.170717 1 0.143497 0.481014
142 3675 0.058763 1 0.376741 4151 0.0798944 -1 0.111705 294 0.359433 1 0.164763 0.481025
143 1950 0.0302371 1 0.35872 735 0.319907 1 0.273834 3498 0.180102 1 0.0184415 0.442179
144 1062 0.455889 -1 0.354302 898 0.434622 1 0.0255284 2564 0.111487 1 0.261656 0.45455
145 1827 0.136642 1 0.37445 2774 0.0281273 -1 0.193051 2916 0.291221 1 0.0988149 0.443168
146 389 0.267534 1 0.355858 241 0.265295 -1 0.18959 3949 0.0375071 -1 0.0708856 0.52175
147 1261 0.650128 -1 0.37152 832 0.482899 1 0.181942 1193 0.473418 -1 0.109578 0.444008
148 4063 0.0204134 -1 0.358885 2673 0.0807359 -1 0.0585197 2173 0.122574 1 0.228216 0.455646
149 1663 0.468613 -1 0.372579 3318 0.0244681 1 0.201569 2492 0.00742382 -1 0.0855547 0.454697
150 3960 0.108823 1 0.369128 2972 0.0252725 1 0.116801 3645 0.08735 1 0.172368 0.449711
151 2944 0.0230145 -1 0.368311 3140 0.223127 -1 0.131774 237 0.17587 -1 0.144172 0.48233
152 2593 0.0475801 1 0.378565 2609 0.0497924 -1 0.137895 2688 0.0619823 1 0.136755 0.485579
153 3647 0.0120955 -1 0.374015 1660 0.191797 1 0.0860631 2913 0.160778 1 0.205676 0.443477
154 65 0.26258 1 0.371821 3719 0.0978479 -1 0.219969 2654 0.097645 1 0.0604009 0.471314
155 4045 0.136751 1 0.357749 1555 0.763214 -1 0.0717844 4086 0.17987 1 0.217737 0.448856
156 3652 0.0312246 1 0.386271 3734 0.0525116 -1 0.193819 238 0.339656 1 0.0960975 0.447895
157 3421 0.0404293 1 0.383464 31 0.215341 1 0.164077 2017 0.103932 1 0.123687 0.453133
158 387 0.360693 1 0.349028 2155 0.0342816 1 0.0284331 3306 0.17879 1 0.251611 0.472122
159 2026 0.100655 1 0.360363 1038 0.53167 -1 0.204692 2589 0.159383 1 0.0711483 0.482595
160 4128 0.0142941 -1 0.361793 1999 0.380217 -1 0.113044 133 0.344404 1 0.173386 0.456392
161 141 0.245527 -1 0.352619 1201 0.500255 1 0.16104 947 0.460284 -1 0.0861816 0.556742
162 1441 0.673838 1 0.373144 1507 0.814802 -1 0.153663 2687 0.00258414 -1 0.123461 0.479385
163 3527 0.0544551 1 0.368757 1063 0.507252 -1 0.16423 2469 0.00302298 -1 0.109123 0.488839
164 3392 0.0109433 -1 0.378405 1639 0.148215 1 0.1167 3326 0.185597 1 0.173366 0.447533
165 2621 0.0348658 1 0.368402 3479 0.0643101 -1 0.169584 3749 0.00484535 -1 0.102809 0.491258
166 1450 0.558872 -1 0.370591 3553 0.0289593 1 0.0906868 3549 0.101486 1 0.183596 0.486501
167 2496 0.0136359 -1 0.359678 1248 0.0932621 1 0.120656 357 0.364424 1 0.154807 0.483542
168 1275 0.605495 -1 0.351337 2936 0.0220454 1 0.214079 224 0.3635 1 0.0607482 0.485135
169 1822 0.0987935 1 0.363272 1822 0.464759 -1 0.181878 3299 0.238841 1 0.100549 0.466227
170 3359 0.000851437 -1 0.351319 2010 0.383285 -1 0.0215654 2157 0.15724 1 0.268502 0.447527
171 2111 0.0181134 -1 0.366769 2046 0.0158936 1 0.132428 3151 0.140733 1 0.137392 0.497767
172 3166 0.0851238 1 0.357976 3971 0.0929321 1 0.106551 3646 0.0866383 1 0.169515 0.48203
173 579 0.335465 1 0.365103 0 0.19174 1 0.11421 1007 0.464553 -1 0.160486 0.485463
174 320 0.324978 1 0.345802 414 0.237093 1 0.112087 3392 0.000104563 -1 0.167 0.474499
175 3432 0.0345401 1 0.351981 496 0.321768 1 0.141565 3466 0.0990377 1 0.131641 0.489209
176 1739 0.171224 1 0.376762 6 0.248412 1 0.182633 4069 0.197305 1 0.106276 0.450345
177 1631 0.464357 -1 0.377115 3964 0.0399245 1 0.16292 186 0.312283 1 0.113908 0.480127
178 1634 0.634114 -1 0.373117 1935 0.285034 -1 0.236044 1967 0.273158 1 0.0545455 0.446263
179 2934 0.135433 1 0.361128 3099 0.0717523 -1 0.0717345 2589 0.115784 1 0.219941 0.44363
180 173 0.201997 -1 0.3621 1426 0.711914 -1 0.08012 3393 0.00342654 -1 0.188728 0.500238
181 2527 0.0510753 -1 0.357699 1340 0.333874 1 0.202364 4024 0.255061 1 0.0732143 0.48325
182 2942 0.13351 1 0.359609 2334 0.0154289 1 0.0950417 2591 0.000141182 -1 0.163806 0.525983
183 1063 0.488722 -1 0.372264 1433 0.484773 1 0.151603 3306 0.122738 1 0.134858 0.456317
184 2016 0.161044 1 0.372899 2956 0.0162473 1 0.113611 2205 0.147741 1 0.165355 0.474799
185 3324 0.109356 1 0.360303 2906 0.0588959 -1 0.110612 3712 0.00192427 -1 0.156106 0.505668
186 2210 0.0443041 1 0.364668 2304 0.112784 -1 0.216251 3559 0.141097 1 0.0547481 0.494781
187 2274 0.138683 1 0.349153 2570 0.137503 -1 0.0596197 236 0.353341 1 0.227907 0.453713
188 3178 0.0752064 -1 0.343649 1577 0.368572 1 0.224358 3403 0.155298 1 0.0467003 0.494629
189 4012 0.125894 1 0.372069 3945 0.182202 -1 0.0715285 816 0.350783 1 0.229247 0.421804
190 590 0.332333 -1 0.365714 1901 0.203405 -1 0.186941 615 0.324455 -1 0.084184 0.494462
191 4159 0.0375332 -1 0.369577 1632 0.570737 -1 0.177839 3664 0.00323184 -1 0.121367 0.425541
192 3990 0.123474 1 0.356282 2973 0.0200581 1 0.127635 4044 0.184912 1 0.14961 0.479084
193 34 0.297314 1 0.330135 1362 0.775576 -1 0.155296 3744 0.00569699 -1 0.105854 0.519999
194 1380 0.690389 1 0.366377 676 0.306139 1 0.145917 3007 3.2009e-10 -1 0.141123 0.454903
195 3321 0.0882686 1 0.37297 1766 0.343791 -1 0.134042 3606 0.126844 1 0.151864 0.457674
196 3737 0.0612466 -1 0.371999 1795 0.0805662 1 0.219253 2196 0.269502 1 0.066402 0.45829
197 2080 0.0103181 -1 0.367299 610 0.326049 1 0.0631996 3328 4.49252e-05 -1 0.232212 0.434623
198 2047 0.0365549 1 0.353692 1567 0.623039 -1 0.212813 1471 0.662949 1 0.0444703 0.53007
199 1502 0.447837 1 0.355817 1279 0.568128 -1 0.226651 866 0.544558 1 0.0487872 0.483602
200 2139 0.0653212 1 0.338045 3796 0.0421073 1 0.107929 2157 0.188992 1 0.130805 0.579816
201 387 0.311276 1 0.37834 223 0.226396 1 0.136272 3439 0.0679974 1 0.151473 0.45318
202 3508 0.0281263 -1 0.373426 3101 0.031484 1 0.141373 2914 0.2793 1 0.143825 0.459411
203 205 0.218831 -1 0.379997 1777 0.0923166 1 0.125533 1049 0.457467 -1 0.129413 0.536202
204 758 0.332347 1 0.38182 659 0.35429 -1 0.153665 2687 4.0764e-09 -1 0.112048 0.50824
205 3991 0.136141 1 0.362089 4081 0.118886 -1 0.0953689 2495 0.0026459 -1 0.176437 0.492739
206 64 0.306766 1 0.358819 127 0.232263 1 0.112935 3653 0.103955 1 0.163197 0.481864
207 3178 0.0455501 -1 0.365179 3560 0.0135274 1 0.207146 3296 6.48054e-09 -1 0.0857008 0.440799
208 2154 0.0727366 1 0.373624 3445 0.0316834 -1 0.186197 2560 0.000319106 -1 0.102985 0.449681
209 391 0.233756 1 0.368174 1935 0.271928 -1 0.253359 3950 0.0186491 -1 0.0335707 0.455171
210 3298 0.153142 1 0.353221 1634 0.667475 -1 0.0450802 3743 0.00236924 -1 0.220005 0.509851
211 3896 0.090108 1 0.360165 702 0.352412 -1 0.141453 4076 0.148264 1 0.136226 0.478004
212 3769 0.0334882 -1 0.370321 1272 0.243201 1 0.113863 1449 0.40361 -1 0.171298 0.459501
213 212 0.257013 -1 0.372603 828 0.318748 1 0.203622 1005 0.455625 -1 0.0719717 0.483213
214 3318 0.121366 1 0.34612 3155 0.0917326 -1 0.0659283 3328 3.88777e-05 -1 0.198063 0.512662
215 2079 0.0572884 1 0.373951 1375 0.716265 -1 0.174932 3917 0.165024 1 0.107843 0.465369
216 2688 0.103217 1 0.363835 1858 0.071408 1 0.0579285 256 0.351338 1 0.22281 0.470402
217 535 0.328943 1 0.360447 594 0.358301 -1 0.160681 956 0.480892 -1 0.10314 0.513101
218 2117 0.0969599 1 0.347752 541 0.322349 1 0.0870116 3201 1.80908e-08 -1 0.17916 0.507066
219 446 0.338592 -1 0.367072 1037 0.503641 -1 0.197017 2109 0.0066618 -1 0.0656536 0.516067
220 3972 0.101409 1 0.359994 3776 0.0638672 -1 0.138833 3152 0.395254 1 0.133086 0.492453
221 3617 0.032155 1 0.367878 1450 0.722152 -1 0.131357 3199 5.47783e-10 -1 0.13629 0.503299
222 3676 0.0272697 1 0.365437 1427 0.723529 -1 0.206319 3962 0.199213 1 0.0781337 0.46124
223 1579 0.641521 1 0.368938 1911 0.141126 1 0.124642 262 0.364913 1 0.149694 0.486366
224 1525 0.749799 -1 0.369307 2531 0.0189767 1 0.259555 3152 0.306196 1 0.0346575 0.437506
225 34 0.294573 1 0.36383 2489 0.0857524 -1 0.17819 8 0.301647 1 0.108395 0.456014
226 2814 0.0834021 1 0.376413 2872 0.0680662 -1 0.0425497 2784 0.00282669 -1 0.248233 0.445792
227 2512 0.053701 -1 0.372294 2735 0.0346953 1 0.199582 2104 0.0169258 -1 0.0766308 0.481663
228 2307 0.12156 1 0.369696 1339 0.326793 1 0.0779603 2328 0.0234071 -1 0.203909 0.467604
229 1631 0.481858 -1 0.364783 4110 0.0259774 1 0.169349 3488 0.179264 1 0.101889 0.494177
230 2261 0.0751286 1 0.36825 2548 0.083864 -1 0.160216 2330 0.139865 1 0.11763 0.477586
231 3775 0.0096955 -1 0.368008 1278 0.16759 1 0.0632069 2921 0.00716074 -1 0.208327 0.493427
232 3048 0.0400615 1 0.380362 1787 0.0742574 1 0.157709 3325 0.180257 1 0.134668 0.441934
233 2890 0.0248713 -1 0.376963 466 0.317893 1 0.148498 1093 0.437993 -1 0.144818 0.439668
234 3300 0.0442167 1 0.36307 1761 0.0412205 1 0.15641 2783 2.56459e-05 -1 0.117011 0.488668
235 2885 0.0216587 -1 0.346973 1854 0.0282333 1 0.143733 2053 0.00895227 -1 0.128943 0.490542
236 3554 0.106164 1 0.378686 1540 0.707948 -1 0.0607036 2137 0.20041 1 0.238951 0.42447
237 3055 0.0446863 1 0.344717 622 0.351207 -1 0.218556 4058 0.141691 1 0.0623837 0.469903
238 2403 0.099391 1 0.361777 1450 0.744548 -1 0.0630871 579 0.343621 1 0.22017 0.46418
239 352 0.345265 1 0.363133 2025 0.02125 1 0.0721309 3648 9.92054e-10 -1 0.202779 0.484927
240 1986 0.0427788 1 0.370432 1960 0.358417 -1 0.2321 4025 0.160823 1 0.0532864 0.458949
241 2935 0.079067 1 0.370116 2895 0.092131 -1 0.121213 2912 4.99303e-09 -1 0.163285 0.46113
242 3342 0.0393432 -1 0.341516 446 0.320944 1 0.140725 2948 0.298611 1 0.127257 0.502444
243 2774 0.0253341 -1 0.378138 3958 0.0548901 1 0.158162 3420 0.12155 1 0.122767 0.469929
244 3304 0.031942 1 0.380951 3719 0.0950476 -1 0.180436 3066 0.0087363 -1 0.110417 0.445622
245 2588 0.0874897 1 0.370473 2800 0.0240299 1 0.0735437 914 0.463978 -1 0.222415 0.433308
246 1993 0.148472 1 0.362292 1456 0.763947 -1 0.175229 137 0.182615 -1 0.108364 0.463356
247 3055 0.0534655 1 0.38074 1712 0.102078 1 0.220226 2827 0.0815541 1 0.0775706 0.428907
248 2143 0.0299879 -1 0.36855 1886 0.0307814 1 0.14289 158 0.278316 1 0.124027 0.50516
249 3939 0.172808 1 0.378852 1482 0.744194 -1 0.0471699 4071 0.150072 1 0.253084 0.423045
250 675 0.320772 1 0.372673 615 0.360561 -1 0.257507 3308 0.309305 1 0.0287998 0.456694
251 3518 0.0995497 1 0.346878 3509 0.0453538 -1 0.0544734 2943 1.88239e-08 -1 0.204496 0.525667
252 1407 0.644685 -1 0.370368 2555 0.0145902 1 0.216587 1599 0.372694 -1 0.0709926 0.453585
253 2106 0.0141575 -1 0.371782 1963 0.0681005 1 0.0579098 3120 0.251029 1 0.229665 0.453595
254 2156 0.082008 1 0.362322 2585 0.0901135 -1 0.146631 2224 0.158447 1 0.134758 0.468791
255 3323 0.0524596 1 0.371034 2904 0.0556037 -1 0.185612 3967 0.0254988 -1 0.084502 0.497021
256 3712 0.01056 -1 0.35924 415 0.210764 1 0.109723 4152 0.00616345 -1 0.163973 0.487975
257 4038 0.103755 1 0.377568 3602 0.0934015 -1 0.141006 3949 0.136449 1 0.144292 0.459167
258 3321 0.0746548 1 0.372506 3743 0.0681137 -1 0.153901 165 0.339077 1 0.131009 0.460117
259 2905 0.0288254 -1 0.372148 2450 0.016422 1 0.141695 412 0.307488 1 0.142879 0.460943
260 198 0.209029 -1 0.347444 324 0.207661 1 0.0837031 211 0.197227 -1 0.177073 0.520969
261 2777 0.0368941 -1 0.370538 2813 0.0279141 1 0.160188 817 0.357572 1 0.113318 0.488454
262 1891 0.0930659 1 0.367098 89 0.219912 1 0.219696 97 0.202215 -1 0.0580109 0.477932
263 293 0.315585 1 0.370026 383 0.259099 1 0.0718498 230 0.180763 -1 0.216458 0.451808
264 2940 0.102588 1 0.384436 2184 0.0655169 1 0.109555 3545 0.0105059 -1 0.165944 0.48345
265 1727 0.11052 1 0.367004 1535 0.656716 -1 0.110558 2656 0.122539 1 0.1581 0.500723
266 2880 0.00499767 -1 0.373446 3284 0.00261528 1 0.0862816 2467 0.0149381 -1 0.185859 0.491896
267 784 0.334947 1 0.36931 1032 0.532291 -1 0.160008 1165 0.478859 -1 0.0959163 0.53363
268 2187 0.124454 1 0.360721 1383 0.782204 -1 0.0931702 3743 0.00153131 -1 0.1914 0.460952
269 3765 0.0331194 -1 0.371754 1275 0.268601 1 0.0994532 3342 0.0087918 -1 0.166706 0.507099
270 3439 0.0678678 1 0.352787 1785 0.0392872 1 0.137078 3584 0.0896853 1 0.142577 0.473088
271 256 0.285117 1 0.374234 417 0.321742 1 0.170085 2766 0.193988 1 0.117071 0.45462
272 3453 0.0654017 1 0.371101 3449 0.0522708 -1 0.0924233 3263 1.39823e-08 -1 0.190108 0.46597
273 1450 0.714979 -1 0.327279 242 0.274694 -1 0.171677 3090 0.00546185 -1 0.0642066 0.58769
274 3744 0.0166143 -1 0.381809 1282 0.267083 1 0.103081 2172 0.107114 1 0.169691 0.490301
275 1663 0.491588 -1 0.362365 1467 0.434888 1 0.208693 3648 3.22308e-07 -1 0.0625855 0.494072
276 2111 0.00854393 -1 0.362332 1917 0.0143471 1 0.0858865 2286 0.0168998 -1 0.187533 0.48867
277 2364 0.0581846 1 0.376708 3143 0.0228309 1 0.157754 2254 0.158312 1 0.128288 0.457343
278 3232 0.0224907 -1 0.36317 1279 0.527215 -1 0.148923 3326 0.122671 1 0.124744 0.488048
279 4075 0.128423 1 0.351133 1760 0.0578767 1 0.0642627 3977 0.180535 1 0.203997 0.501734
280 1525 0.716812 -1 0.354992 1744 0.0476282 1 0.214135 1087 0.560785 1 0.069707 0.462741
281 4023 0.130075 1 0.350835 480 0.338953 -1 0.0853173 4029 0.158658 1 0.174126 0.524433
282 2974 0.050579 1 0.373038 1301 0.724127 -1 0.157098 3359 0.000667538 -1 0.0963589 0.54013
283 1727 0.103339 1 0.358284 2012 0.281741 -1 0.125035 200 0.183418 -1 0.157627 0.465646
284 2657 0.0786902 1 0.366215 3718 0.0818383 -1 0.11092 3168 1.09504e-08 -1 0.16083 0.492882
285 35 0.259762 1 0.358808 736 0.316178 1 0.241393 3559 0.212455 1 0.0383574 0.472849
286 2339 0.169965 1 0.336806 680 0.351189 -1 0.0320764 295 0.366959 1 0.237201 0.499147
287 3588 0.0664075 1 0.354647 1639 0.744271 -1 0.138007 3461 0.077048 1 0.12667 0.510901
288 2496 0.018734 -1 0.364313 283 0.241775 1 0.146856 3744 0.0061004 -1 0.1166 0.514042
289 2653 0.0314043 1 0.360772 3319 0.0173802 1 0.190729 399 0.215311 -1 0.0979195 0.450979
290 3743 0.00561024 -1 0.378188 2735 0.026673 1 0.048957 1409 0.784373 1 0.250174 0.425719
291 2714 0.0668213 -1 0.373631 2034 0.0165478 1 0.204008 387 0.36244 1 0.0785576 0.465886
292 2107 0.00626686 -1 0.368779 241 0.269168 -1 0.0372924 3009 1.62078e-08 -1 0.255472 0.440997
293 2896 0.0789942 -1 0.369245 2416 0.0322982 1 0.226001 4018 0.178118 1 0.055152 0.469375
294 3310 0.0594309 1 0.345171 1636 0.629945 -1 0.154461 4025 0.216326 1 0.117025 0.493549
295 2214 0.136523 1 0.371136 2239 0.120651 -1 0.0917723 2738 0.0217599 -1 0.204274 0.433099
296 2588 0.0855292 1 0.370266 2585 0.128197 -1 0.0730065 2916 0.257789 1 0.209042 0.46716
297 1996 0.0943429 1 0.346288 830 0.315887 1 0.222209 3296 1.15316e-08 -1 0.046365 0.500936
298 1040 0.460484 -1 0.353595 803 0.339423 -1 0.0306388 1677 0.440204 1 0.246507 0.479332
299 3055 0.0463118 1 0.335604 442 0.349583 -1 0.20454 2233 0.173322 1 0.0629039 0.503816
300 490 0.334839 1 0.359404 621 0.353151 -1 0.106355 2934 0.111433 1 0.165304 0.49311
301 3392 0.00326251 -1 0.360695 3973 0.057702 1 0.0653357 263 0.342221 1 0.207854 0.489248
302 1714 0.103538 1 0.362848 3736 0.110438 -1 0.220356 2181 0.190497 1 0.0764649 0.431241
303 3321 0.0767552 1 0.355622 1648 0.714007 -1 0.139867 1032 0.469809 -1 0.110165 0.54922
304 64 0.307191 1 0.370214 2024 0.0452117 1 0.145678 2783 0.153036 1 0.13555 0.469188
305 136 0.193336 -1 0.362193 1830 0.179179 -1 0.0677002 211 0.197048 -1 0.209094 0.48021
306 1279 0.40597 -1 0.376127 4058 0.0324076 1 0.12749 1567 0.459971 -1 0.141632 0.499541
307 3965 0.0666712 1 0.362734 1425 0.727799 -1 0.149374 4021 0.129452 1 0.100258 0.550288
308 3647 0.0025842 -1 0.347449 2259 0.0360576 1 0.0118564 3552 0.20374 1 0.284907 0.43138
309 414 0.234792 1 0.364939 1907 0.0954144 1 0.2466 2933 0.0970891 1 0.0296255 0.481632
310 1872 0.0694597 -1 0.354392 1454 0.679653 -1 0.0781122 2911 0.00011528 -1 0.190644 0.500471
311 3134 0.0314504 1 0.363543 595 0.355405 -1 0.186513 3388 0.0723998 1 0.0858231 0.491401
312 537 0.338176 1 0.354955 1243 0.499581 1 0.099635 2560 0.000528196 -1 0.158793 0.527078
313 1036 0.504138 -1 0.366435 1502 0.448244 1 0.223519 486 0.363211 1 0.0581013 0.468219
314 326 0.336354 1 0.365469 3448 0.064279 -1 0.0642096 2589 0.134045 1 0.228207 0.441837
315 2111 0.0150686 -1 0.372459 1807 0.0394869 1 0.125274 2286 0.0304525 -1 0.152425 0.477952
316 2186 0.0992711 1 0.366641 4002 0.0727203 1 0.138531 2189 0.158965 1 0.142015 0.470877
317 1392 0.784004 -1 0.36707 1789 0.0290675 1 0.269774 1212 0.47514 -1 0.0201765 0.447813
318 3321 0.144746 1 0.356376 3163 0.18604 -1 0.0736249 3743 0.000893951 -1 0.207228 0.470117
319 3959 0.126971 1 0.373328 3588 0.02746 1 0.0975392 2848 0.00239673 -1 0.186053 0.463356
320 785 0.331632 1 0.372822 625 0.36429 -1 0.167212 1071 0.466738 -1 0.0955403 0.515856
321 3949 0.0304807 -1 0.350331 4044 0.0277802 1 0.0500116 2624 0.193036 1 0.226735 0.48033
322 1827 0.143466 1 0.374033 799 0.34569 -1 0.191538 2933 0.308621 1 0.0896399 0.469313
323 4031 0.0524443 -1 0.368502 2047 0.0416602 1 0.133943 2232 0.172542 1 0.134823 0.500446
324 1653 0.596967 -1 0.36562 573 0.320774 1 0.237819 3645 0.128116 1 0.0530335 0.445623
325 2080 0.0141063 -1 0.361365 359 0.237241 1 0.0875379 3557 0.202045 1 0.199871 0.454002
326 2681 0.0412532 -1 0.371062 1368 0.407023 1 0.165565 2283 0.16704 1 0.11153 0.479461
327 3645 0.08735 1 0.378774 796 0.361173 -1 0.096319 3452 0.107615 1 0.198312 0.436498
328 1663 0.399507 -1 0.373767 4108 0.0199232 1 0.140541 3648 0.000651729 -1 0.137839 0.476256
329 2241 0.0680734 1 0.3721 1383 0.754815 -1 0.171676 433 0.359282 1 0.121955 0.438908
330 2189 0.0758839 1 0.371752 3284 0.0196862 1 0.172592 3864 0.255248 1 0.116284 0.450424
331 2784 0.0128423 -1 0.374325 1604 0.106856 1 0.127011 199 0.183518 -1 0.158889 0.457689
332 325 0.315653 1 0.35439 3730 0.0777317 -1 0.0947074 101 0.322478 1 0.188149 0.465168
333 3553 0.0362842 1 0.361743 179 0.269655 -1 0.177012 3455 5.49745e-08 -1 0.089699 0.505688
334 2557 0.053702 1 0.368504 2773 0.0808811 -1 0.102171 2782 0.109156 1 0.184719 0.455267
335 1522 0.698814 -1 0.353764 1252 0.231652 1 0.21579 2198 0.279692 1 0.0590498 0.485101
336 4053 0.106669 1 0.363185 3443 0.0760454 -1 0.105694 3917 0.154591 1 0.16613 0.492694
337 28 0.265441 1 0.3648 1919 0.0407306 1 0.191609 2916 0.180475 1 0.0956032 0.454481
338 3407 0.0997999 1 0.37249 1967 0.0477625 1 0.0729231 2624 0.233093 1 0.227121 0.423544
339 1407 0.62765 -1 0.373677 737 0.30998 1 0.203733 1840 0.0553773 -1 0.0783763 0.467012
340 2977 0.0141246 -1 0.368364 1067 0.504655 -1 0.0994534 1153 0.557238 1 0.188045 0.453784
341 3581 0.0707198 1 0.368066 1927 0.0472292 1 0.115635 3641 0.0735623 1 0.168316 0.462474
342 2268 0.0876353 1 0.375585 2106 0.130737 -1 0.103216 3007 1.62083e-09 -1 0.182888 0.457191
343 2936 0.032545 1 0.355081 1893 0.333869 -1 0.214197 2055 0.350001 1 0.0705214 0.460588
344 1706 0.248644 1 0.359668 1800 0.294594 -1 0.0923271 3775 0.00135792 -1 0.165305 0.529157
345 2774 0.0255188 -1 0.371907 1651 0.190122 1 0.153535 2099 0.0228697 -1 0.134185 0.453243
346 2261 0.0735769 1 0.372448 1031 0.485284 -1 0.15917 2355 0.128272 1 0.128183 0.454137
347 147 0.263552 -1 0.372703 674 0.317039 1 0.210094 1061 0.452805 -1 0.0721781 0.46661
348 3712 0.00108777 -1 0.352215 3308 0.0132314 1 0.0400708 3298 0.153888 1 0.240046 0.471941
349 2033 0.169696 1 0.360831 63 0.235677 1 0.131262 1717 0.342544 1 0.130772 0.517711
350 2488 0.0349683 -1 0.367063 1882 0.0345497 1 0.150359 0 0.364547 1 0.13529 0.458304
351 1410 0.724103 1 0.375539 478 0.323997 1 0.112246 2308 0.135499 1 0.181301 0.439108
352 622 0.329821 -1 0.347497 491 0.32169 1 0.146099 3626 0.00360332 -1 0.112965 0.52542
353 4107 0.0704404 1 0.371628 785 0.32427 1 0.14956 10 0.302774 1 0.127818 0.478753
354 2936 0.15971 1 0.359106 2958 0.278017 -1 0.0868536 3647 0.000811388 -1 0.199919 0.455556
355 3939 0.0960294 1 0.371113 3476 0.0636652 -1 0.140037 4066 0.113438 1 0.135762 0.482699
356 1703 0.135623 1 0.367827 1299 0.757694 -1 0.148646 3325 0.204059 1 0.126379 0.484637
357 3023 0.0620901 1 0.38072 1766 0.227197 -1 0.150199 1031 0.472599 -1 0.130681 0.470049
358 3359 0.00152646 -1 0.362501 1515 0.788355 -1 0.0256598 2170 0.121638 1 0.259759 0.458868
359 1248 0.576729 -1 0.362782 2951 0.0135269 1 0.214416 2654 0.175933 1 0.0708159 0.459329
360 4071 0.154418 1 0.364354 237 0.253178 -1 0.0714172 2938 0.242336 1 0.206007 0.478637
361 1711 0.136075 1 0.354717 114 0.165788 1 0.144413 2080 0.0016109 -1 0.127087 0.493513
362 2478 0.0417223 -1 0.373034 4078 0.0347674 1 0.125114 3455 0.00152406 -1 0.141724 0.505363
363 2973 0.0533971 1 0.372027 2366 0.026733 1 0.194881 2207 0.0200057 -1 0.0864464 0.468943
364 3306 0.0805286 1 0.369455 3714 0.0911599 -1 0.0730171 1872 0.064171 -1 0.212416 0.458833
365 1696 0.0798051 1 0.366877 256 0.205354 1 0.172616 3842 0.101136 1 0.111648 0.461702
366 2338 0.132455 1 0.368394 2310 0.140461 -1 0.0486491 2283 0.180366 1 0.250074 0.426694
367 3323 0.0526519 1 0.363072 1652 0.7093 -1 0.183916 2912 1.99932e-08 -1 0.0869141 0.495208
368 2025 0.171303 1 0.373018 622 0.351965 -1 0.174951 3854 0.117641 1 0.112403 0.454137
369 2594 0.0949452 1 0.346216 3517 0.0373268 1 0.0584923 2911 0.00230388 -1 0.212115 0.495773
370 96 0.298032 1 0.378477 4063 0.0943645 -1 0.137022 2759 0.122033 1 0.160493 0.429581
371 4059 0.044244 1 0.370537 1276 0.656391 -1 0.224987 103 0.185358 -1 0.0692942 0.43734
372 2229 0.116023 1 0.382225 1362 0.818776 -1 0.0851301 2296 0.129865 1 0.205854 0.445305
373 1426 0.65236 -1 0.363954 210 0.277585 -1 0.190234 3062 0.00459895 -1 0.0805224 0.495394
374 3992 0.16134 1 0.365412 3175 0.0178903 1 0.0686597 2816 1.00397e-09 -1 0.218867 0.453713
375 3734 0.0371208 -1 0.365245 3291 0.00801432 1 0.161378 3424 8.85969e-05 -1 0.120149 0.468452
376 2657 0.0430679 1 0.370387 3337 0.0675781 -1 0.170312 2592 0.0480575 1 0.103112 0.48866
377 2976 0.00729134 -1 0.361526 4022 0.0602851 1 0.0810645 3307 0.230342 1 0.181009 0.51761
378 1497 0.629514 -1 0.365825 2887 0.0431711 -1 0.131853 323 0.352285 1 0.13992 0.492822
379 3268 0.0165039 1 0.345008 1995 0.121827 1 0.209207 3711 0.00214248 -1 0.067651 0.480051
380 816 0.333639 1 0.363872 626 0.353211 -1 0.158873 1233 0.45864 -1 0.107095 0.507588
381 2938 0.131984 1 0.354734 2184 0.0363721 1 0.0774491 3152 0.283386 1 0.203027 0.471052
382 224 0.264441 1 0.36003 1361 0.789217 -1 0.1808 2051 0.0295747 -1 0.0995296 0.471414
383 3124 0.024028 -1 0.361792 3101 0.0299804 1 0.124741 198 0.177388 -1 0.138282 0.515159
384 1984 0.143219 1 0.3643 1854 0.0347989 1 0.144109 377 0.338111 1 0.148423 0.441561
385 3970 0.114399 1 0.374497 4036 0.292153 -1 0.107828 2687 0.00199289 -1 0.18562 0.439349
386 3319 0.0264156 1 0.369259 3727 0.0802119 -1 0.231023 3744 6.21053e-05 -1 0.0493146 0.471393
387 3645 0.128116 1 0.356254 1790 0.0432698 1 0.034305 2597 0.202306 1 0.254828 0.4498
388 1628 0.318095 1 0.368238 830 0.315849 1 0.284884 394 0.365158 1 0.0200097 0.412052
389 3306 0.148258 1 0.363601 2636 0.07125 -1 0.0416527 2912 4.91819e-09 -1 0.248633 0.446998
390 2 0.281464 1 0.354378 2196 0.0319348 1 0.189609 1225 0.492806 -1 0.0861261 0.482859
391 2649 0.0234374 -1 0.373286 2620 0.0294338 1 0.0972697 2490 0.0127988 -1 0.179744 0.479661
392 2449 0.0295156 1 0.368272 622 0.351914 -1 0.248686 2351 0.132503 1 0.0461965 0.435894
393 3743 0.00581891 -1 0.360811 3702 0.0131589 1 0.0552982 4045 0.165426 1 0.235796 0.445039
394 611 0.336677 1 0.37689 1312 0.629111 -1 0.111507 998 0.471198 -1 0.164032 0.48335
395 2809 0.0162852 -1 0.356569 1708 0.0512781 1 0.0871095 579 0.354819 1 0.180445 0.503534
396 3055 0.053658 1 0.364906 1776 0.0911449 1 0.187873 2992 0.100194 1 0.0831234 0.494786
397 354 0.31515 1 0.353067 546 0.316962 1 0.121938 2880 0.00467007 -1 0.163602 0.458571
398 4070 0.112966 1 0.371821 1451 0.739198 -1 0.111287 230 0.360356 1 0.167928 0.474182
399 2175 0.035745 -1 0.365115 1311 0.121757 1 0.141462 2402 0.104678 1 0.140755 0.466746
400 1443 0.643508 1 0.372765 209 0.283015 -1 0.20957 3199 5.47783e-10 -1 0.0714626 0.469673
401 390 0.361609 1 0.358187 1635 0.0195072 1 0.0257313 68 0.354445 1 0.262164 0.452815
402 3477 0.04229 -1 0.36791 447 0.316413 1 0.172624 1418 0.508284 -1 0.106191 0.475174
403 1729 0.11942 1 0.366024 621 0.358477 -1 0.149274 2791 0.146472 1 0.128586 0.477549
404 2915 0.0862466 1 0.361042 1635 0.66834 -1 0.0698461 2975 3.42373e-09 -1 0.202399 0.491632
405 3517 0.0331838 1 0.356126 86 0.219902 1 0.201819 3520 0.138709 1 0.0804621 0.466588
406 1642 0.531987 -1 0.371095 3769 0.0464114 -1 0.142876 3039 0.00114167 -1 0.144645 0.453727
407 2118 0.06564 1 0.365894 1455 0.790431 -1 0.14528 3782 0.155442 1 0.135658 0.469906
408 3840 0.0411605 -1 0.371147 1922 0.0427253 1 0.159054 3646 0.144526 1 0.133644 0.441158
409 172 0.239787 -1 0.382283 256 0.216724 1 0.159796 1082 0.454285 -1 0.093608 0.540271
410 2588 0.0878494 1 0.368424 2585 0.0914189 -1 0.0740852 3120 0.251411 1 0.198356 0.491136
411 1659 0.295764 1 0.363962 1663 0.492082 -1 0.263301 2713 0.00473281 -1 0.017087 0.471269
412 2298 0.0831276 1 0.361863 1250 0.708518 -1 0.100525 2157 0.188977 1 0.182444 0.464892
413 4057 0.0911876 1 0.364823 3141 0.0191207 1 0.126126 295 0.33919 1 0.160544 0.455807
414 2111 0.0387507 -1 0.366091 1821 0.0353701 1 0.203553 2577 0.00596428 -1 0.0834649 0.454956
415 2934 0.111414 1 0.373575 3066 0.160863 -1 0.0744175 3743 0.00381758 -1 0.218103 0.441586
416 3323 0.0576465 1 0.340357 3188 0.0969976 -1 0.167993 3121 0.310952 1 0.0962613 0.511987
417 2016 0.0904558 1 0.368866 1006 0.505124 -1 0.17255 3320 0.273549 1 0.104742 0.478967
418 1439 0.546195 -1 0.368782 1341 0.354482 1 0.137555 3135 0.167816 1 0.134651 0.491729
419 1881 0.183353 1 0.373683 351 0.236923 1 0.145669 2822 0.00569415 -1 0.130146 0.482656
420 568 0.328235 1 0.364638 623 0.352998 -1 0.176665 4022 0.233703 1 0.0935936 0.496655
421 168 0.178893 -1 0.34958 8 0.190101 1 0.0402397 2719 0.00120222 -1 0.225915 0.507111
422 1458 0.694643 -1 0.34849 2416 0.0322982 1 0.233747 3648 9.92054e-10 -1 0.0414569 0.484188
423 3875 0.118493 1 0.365789 288 0.261449 1 0.0781608 3974 0.122517 1 0.174683 0.541751
424 3184 0.0637565 1 0.377659 2047 0.0365549 1 0.187082 3468 0.0961905 1 0.100063 0.454646
425 3121 0.0246568 -1 0.368898 2956 0.00872141 1 0.0602457 1073 0.461719 -1 0.223161 0.463813
426 727 0.327597 1 0.359012 1488 0.729458 -1 0.187169 384 0.369202 1 0.0801539 0.504124
427 194 0.238499 -1 0.37028 69 0.240978 1 0.0920737 2016 0.294191 1 0.17446 0.506141
428 2904 0.0418719 -1 0.371552 3315 0.0168893 1 0.187426 2912 4.91819e-09 -1 0.0943032 0.467951
429 446 0.338592 -1 0.371834 787 0.315685 1 0.204551 1361 0.506878 -1 0.0811763 0.458114
430 2685 0.0810035 1 0.359913 1278 0.543988 -1 0.077111 0 0.365183 1 0.212851 0.447783
431 2126 0.0557632 1 0.357893 523 0.366453 -1 0.148157 2217 0.150138 1 0.123404 0.493358
432 458 0.336052 1 0.357285 177 0.259378 -1 0.130151 1062 0.46097 -1 0.136937 0.504725
433 2495 0.00760416 -1 0.363151 1663 0.182612 1 0.042047 2624 0.137606 1 0.23961 0.468128
434 2464 0.0672564 -1 0.363029 1272 0.240869 1 0.249497 3557 0.142076 1 0.0419681 0.44414
435 2260 0.188598 1 0.359093 2613 0.140311 -1 0.0248678 2943 0.000663045 -1 0.264771 0.448569
436 1466 0.700008 -1 0.367115 2896 0.0799426 -1 0.204927 100 0.353232 1 0.0746032 0.473397
437 3315 0.085546 1 0.357823 590 0.333818 -1 0.0917002 3992 0.167125 1 0.180095 0.492768
438 3111 0.0383452 1 0.361075 1482 0.751658 -1 0.193691 3585 0.131834 1 0.0869778 0.470574
439 320 0.324847 1 0.366335 349 0.27064 1 0.119807 2202 0.193831 1 0.156002 0.482674
440 642 0.31691 1 0.356811 3613 0.0125691 1 0.271702 3316 0.202519 1 0.0135824 0.4592
441 4159 0.0147132 -1 0.360969 1919 0.0374915 1 0.0622988 3613 0.17889 1 0.220767 0.464653
442 1441 0.673666 1 0.375966 91 0.187605 1 0.147721 3241 1.99301e-08 -1 0.134475 0.466798
443 4063 0.0688049 -1 0.370466 2046 0.0339247 1 0.176731 3639 0.0142894 -1 0.106192 0.465003
444 3324 0.109295 1 0.37113 1915 0.0512671 1 0.113492 3648 0.000409909 -1 0.162904 0.481206
445 2973 0.0927494 1 0.376031 3029 0.157054 -1 0.141622 1449 0.414129 -1 0.140116 0.467927
446 3359 0.0176159 -1 0.366067 675 0.317771 1 0.104603 2205 0.1193 1 0.173096 0.477952
447 3485 0.0345227 1 0.360508 2111 0.0386752 -1 0.176189 3782 0.138596 1 0.0986765 0.485038
448 64 0.307191 1 0.375171 1284 0.375896 1 0.130082 231 0.191941 -1 0.151176 0.469116
449 3152 0.215147 1 0.379366 1074 0.529805 -1 0.0440043 3241 0.0041353 -1 0.237988 0.467301
450 3307 0.0349053 1 0.36144 1654 0.712356 -1 0.162312 3305 5.34615e-09 -1 0.116313 0.475647
451 3342 0.0188192 -1 0.372247 3387 0.00636019 1 0.0730222 2283 0.16704 1 0.214653 0.453352
452 325 0.258726 1 0.365973 2607 0.0932802 -1 0.207421 12 0.294675 1 0.0812174 0.451002
453 3055 0.0463118 1 0.374217 3090 0.0865912 -1 0.20669 2701 0.162751 1 0.0719195 0.475684
454 2047 0.155037 1 0.376387 1035 0.503652 -1 0.0997812 3527 0.111817 1 0.19058 0.446816
455 2936 0.0381492 1 0.369359 3448 0.0802268 -1 0.198897 2913 5.08415e-09 -1 0.0820429 0.469903
456 242 0.266637 -1 0.369901 1458 0.694643 -1 0.240654 1082 0.454285 -1 0.0396594 0.471455
457 386 0.339852 1 0.342603 415 0.25035 1 0.0774295 3712 0.00123418 -1 0.191955 0.498875
458 3297 0.0465408 1 0.343454 1931 0.105313 1 0.123733 3584 0.197838 1 0.133069 0.531329
459 4070 0.0620506 1 0.363058 3696 0.0974384 -1 0.189559 268 0.344974 1 0.0804707 0.497235
460 2976 0.00669973 -1 0.369474 127 0.256438 1 0.0627041 2306 0.154245 1 0.215308 0.477172
461 2336 0.0820903 -1 0.360478 2244 0.0327828 1 0.227198 2319 0.0330937 -1 0.0486975 0.482456
462 2489 0.0216246 -1 0.342979 1310 0.335265 1 0.0868571 2880 3.01311e-09 -1 0.173828 0.521204
463 490 0.332003 1 0.363254 622 0.351207 -1 0.127444 1044 0.46567 -1 0.130198 0.52913
464 3875 0.169221 1 0.360038 3912 0.148611 -1 0.0344046 2778 0.0137381 -1 0.25007 0.461185
465 4044 0.0681383 1 0.360253 446 0.321532 1 0.206199 3751 0.183693 1 0.0758467 0.467169
466 2111 0.00831673 -1 0.362695 1791 0.0231004 1 0.0725618 3771 0.00443096 -1 0.201751 0.486425
467 2653 0.0188579 1 0.345858 626 0.356028 -1 0.222423 2943 3.66065e-09 -1 0.046064 0.501156
468 3520 0.147928 1 0.356692 3648 0.0792353 -1 0.0327874 2231 0.192751 1 0.252836 0.458369
469 3183 0.0532619 1 0.367319 3179 0.0843445 -1 0.187146 3134 0.134158 1 0.0944087 0.468381
470 1726 0.0435346 1 0.372328 3613 0.0161983 1 0.206826 1668 0.00837047 -1 0.0832809 0.447433
471 199 0.207966 -1 0.3677 1425 0.708945 -1 0.0785189 211 0.196441 -1 0.187173 0.508297
472 283 0.255002 1 0.334965 2681 0.134109 -1 0.153099 2847 0.00473597 -1 0.104475 0.529307
473 2738 0.0232052 -1 0.359687 3290 0.0353404 1 0.0817004 3930 0.16464 1 0.183951 0.508399
474 3666 0.0500579 -1 0.364352 1655 0.277442 1 0.204704 3705 0.0216065 -1 0.0691017 0.487701
475 3823 0.0909438 1 0.373495 3055 0.0599907 1 0.124 3991 0.181947 1 0.146089 0.497086
476 3744 0.056391 -1 0.366202 1888 0.0355824 1 0.217334 2286 0.0176282 -1 0.0702916 0.453472
477 386 0.342134 1 0.348135 2543 0.082119 -1 0.0674753 290 0.34186 1 0.209216 0.480467
478 3267 0.0252578 1 0.348817 93 0.332726 -1 0.174104 2592 0.00158521 -1 0.102958 0.479543
479 1654 0.493788 -1 0.377941 3676 0.0369772 1 0.158887 3647 0.00119375 -1 0.126035 0.460088
480 4106 0.0443973 1 0.36702 1907 0.128118 1 0.201114 1750 0.390222 1 0.0769432 0.47706
481 2937 0.17768 1 0.377031 2354 0.0320005 1 0.0551426 2066 0.341151 1 0.234658 0.448175
482 3314 0.0719455 1 0.358184 1948 0.0457072 1 0.106028 2880 3.01311e-09 -1 0.177002 0.46474
483 1872 0.165854 -1 0.369284 1280 0.573936 -1 0.181761 2766 0.0728813 1 0.0927699 0.485878
484 1696 0.13756 1 0.365526 793 0.361666 -1 0.133999 3085 0.0230784 -1 0.146088 0.472014
485 2688 0.0638773 1 0.363416 2225 0.105788 -1 0.0996097 2624 0.0609954 1 0.165123 0.510757
486 2886 0.0351039 -1 0.360636 1599 0.6697 -1 0.191764 3307 0.230169 1 0.0811999 0.489819
487 11 0.308855 1 0.352992 1259 0.20204 1 0.0820973 2496 4.70678e-09 -1 0.186611 0.500593
488 4038 0.097165 1 0.348198 2077 0.151817 -1 0.129884 4086 0.17208 1 0.12698 0.531167
489 2204 0.0517692 1 0.374169 1279 0.646422 -1 0.193448 3744 0.000545511 -1 0.093902 0.454145
490 3549 0.0798942 1 0.377747 2033 0.041479 1 0.107666 3583 0.00272839 -1 0.175808 0.463648
491 785 0.332389 1 0.37432 1031 0.547356 -1 0.185295 2929 0.173439 1 0.0936989 0.474729
492 4128 0.0134699 -1 0.337536 1929 0.039026 1 0.0864036 2464 0.00835372 -1 0.169652 0.533285
493 2340 0.0744073 1 0.35332 1982 0.0248807 1 0.151269 2370 0.119117 1 0.12176 0.489655
494 2336 0.0227645 -1 0.368397 1826 0.0730506 1 0.0697751 3006 0.214291 1 0.225866 0.43407
495 1830 0.165343 -1 0.362374 1795 0.087288 1 0.171932 2253 0.217035 1 0.097963 0.497579
496 3317 0.0200208 1 0.375062 85 0.199932 1 0.201562 1945 0.123266 -1 0.0713098 0.490051
497 172 0.205939 -1 0.354596 323 0.238774 1 0.0998127 978 0.464017 -1 0.164342 0.512243
498 4159 0.0312701 -1 0.365728 3251 0.109757 -1 0.133098 1110 0.544829 1 0.16104 0.437685
499 578 0.325898 1 0.365723 615 0.360286 -1 0.208415 2527 0.00106347 -1 0.0694631 0.477507
500 3621 0.144079 1 0.354144 3723 0.121538 -1 0.0613877 3528 0.108087 1 0.21503 0.48115
501 4021 0.120183 1 0.371505 4148 0.140413 -1 0.103347 3899 0.127289 1 0.177915 0.469104
502 3727 0.0417332 -1 0.365584 1276 0.590244 -1 0.176388 2912 1.50476e-08 -1 0.100527 0.479908
503 3005 0.0979797 1 0.377093 1918 0.0245072 1 0.0938481 3393 0.00332014 -1 0.183088 0.479855
504 3119 0.122757 1 0.363689 3090 0.125621 -1 0.148295 3452 0.10717 1 0.12972 0.477165
505 2268 0.0816318 1 0.359402 1854 0.292764 -1 0.113822 4045 0.171757 1 0.148124 0.517939
506 1513 0.606297 -1 0.372853 2492 0.0590388 -1 0.138944 1175 0.546515 1 0.15474 0.438777
507 1923 0.0911272 1 0.366017 35 0.265491 1 0.214834 1989 0.189662 1 0.0663863 0.469208
508 205 0.228709 -1 0.362572 220 0.175329 1 0.158902 1041 0.472773 -1 0.101204 0.522709
509 3359 0.000658744 -1 0.334634 3807 0.0459529 -1 0.0144503 3917 0.149416 1 0.263248 0.477954
510 590 0.331297 -1 0.377267 783 0.322255 1 0.156922 3633 0.0132994 -1 0.107139 0.512483
511 3323 0.108203 1 0.360032 2713 0.101219 -1 0.119305 2766 0.181752 1 0.153308 0.490702
512 2047 0.113658 1 0.368267 1981 0.328289 -1 0.151433 3584 0.237344 1 0.117536 0.499931
513 815 0.35159 1 0.380817 781 0.381188 -1 0.0480917 3750 0.00545605 -1 0.234983 0.464631
514 1063 0.508042 -1 0.351717 468 0.30995 1 0.226516 4063 0.01843 -1 0.0404505 0.505034
515 2229 0.145105 1 0.351987 1299 0.754117 -1 0.0640426 1592 0.355056 -1 0.220349 0.46139
516 4071 0.0643012 1 0.371231 1620 0.69734 -1 0.189046 320 0.353783 1 0.0990463 0.452333
517 2187 0.1247 1 0.363516 2239 0.089451 -1 0.076906 2157 0.178775 1 0.206176 0.464613
518 3087 0.0654887 1 0.362123 1422 0.691229 -1 0.183483 1994 0.42344 1 0.0775483 0.520309
519 4159 0.0765694 -1 0.36582 1807 0.0372739 1 0.246638 3558 0.163606 1 0.0439057 0.446372
520 3645 0.0871381 1 0.35836 594 0.359442 -1 0.070174 294 0.359263 1 0.208697 0.475035
521 1363 0.571258 -1 0.358894 3854 0.0167535 1 0.0989234 3907 0.131741 1 0.184453 0.463888
522 3588 0.0674466 1 0.381162 232 0.258951 -1 0.166185 2373 0.103218 1 0.131424 0.429357
523 23 0.307284 1 0.358763 147 0.306889 -1 0.0746438 2105 0.021337 -1 0.199089 0.487883
524 2621 0.0573514 1 0.375199 3477 0.092667 -1 0.126039 3232 1.99524e-08 -1 0.154733 0.470317
525 293 0.284783 1 0.378006 3823 0.0537518 1 0.125176 3950 0.0199168 -1 0.165372 0.44636
526 1580 0.593226 1 0.357027 1846 0.100948 1 0.184095 1109 0.52529 1 0.0921485 0.481587
527 159 0.285211 1 0.373141 672 0.31813 1 0.0995912 2936 0.138963 1 0.180256 0.47261
528 4058 0.101662 1 0.368795 1992 0.142309 1 0.140099 2560 0.000778176 -1 0.137764 0.477542
529 2629 0.0863832 1 0.36423 3299 0.0137425 1 0.133036 2253 0.148733 1 0.139331 0.491324
530 1663 0.399507 -1 0.369229 1663 0.202321 1 0.133276 2623 0.0100967 -1 0.138587 0.492595
531 2170 0.0814693 1 0.3743 3357 0.0408711 1 0.11888 3743 0.00614582 -1 0.164344 0.464264
532 2636 0.0642194 -1 0.368465 3319 0.0264156 1 0.187845 2513 0.00430772 -1 0.092577 0.471185
533 3734 0.0299035 -1 0.361297 3291 0.00827631 1 0.134067 3737 0.0199769 -1 0.140301 0.486286
534 3087 0.0772129 1 0.372848 2673 0.0987691 -1 0.184409 2993 0.0945454 1 0.0944834 0.474982
535 3712 0.00456913 -1 0.366665 2416 0.0515162 1 0.0794208 3299 0.153787 1 0.198887 0.476435
536 1827 0.189196 1 0.364442 379 0.227717 1 0.126894 3842 0.168588 1 0.160939 0.452967
537 2211 0.0858927 1 0.381005 2336 0.0943438 -1 0.143304 2845 0.129787 1 0.138422 0.467958
538 36 0.247228 1 0.35935 2347 0.0389855 1 0.262875 261 0.352665 1 0.0288238 0.443573
539 178 0.203968 -1 0.373527 3664 0.06766 -1 0.0792213 1079 0.459237 -1 0.192796 0.492207
540 1344 0.641637 -1 0.370702 831 0.317621 1 0.186558 3992 0.160005 1 0.092936 0.473487
541 1984 0.20763 1 0.368261 1599 0.651261 -1 0.112957 2656 0.128819 1 0.169506 0.466138
542 384 0.36437 1 0.370949 3237 0.159535 -1 0.0303098 2111 0.00139879 -1 0.277153 0.406003
543 1036 0.505967 -1 0.341772 627 0.36045 -1 0.208594 2783 0.152872 1 0.0583877 0.504996
544 748 0.339888 1 0.3377 1078 0.481995 1 0.103117 1196 0.459997 -1 0.153609 0.531529
545 3146 0.00980123 -1 0.3656 1862 0.315177 -1 0.0528686 2157 0.167231 1 0.234406 0.454329
546 1641 0.723593 -1 0.359946 1279 0.578165 -1 0.249599 1671 0.386874 1 0.0364172 0.457406
547 322 0.324374 1 0.346865 1361 0.775295 -1 0.0888943 391 0.319434 1 0.176407 0.509298
548 1088 0.496449 1 0.357185 442 0.350666 -1 0.146891 2911 0.00161572 -1 0.111188 0.527989
549 231 0.230385 -1 0.358248 567 0.32496 1 0.112435 944 0.453929 -1 0.145885 0.527359
550 1746 0.226408 1 0.372953 1872 0.218956 -1 0.153408 132 0.34326 1 0.140756 0.437622
551 1441 0.672518 1 0.375133 1283 0.216408 1 0.146502 2588 0.0877971 1 0.119317 0.507971
552 2816 1.00397e-09 -1 0.364417 2959 0.162498 -1 0.0295754 2914 0.31011 1 0.268981 0.427091
553 1823 0.0398268 1 0.354231 31 0.234615 1 0.242498 998 0.459469 -1 0.0382753 0.470316
554 2934 0.065328 1 0.360844 3099 0.077624 -1 0.124724 3357 0.0921815 1 0.156296 0.469705
555 4071 0.0672533 1 0.373663 1037 0.521675 -1 0.188174 3647 0.000603291 -1 0.0974804 0.458291
556 3321 0.0792457 1 0.359232 1641 0.723139 -1 0.142774 2496 0.000919417 -1 0.138958 0.467944
557 3549 0.0832192 1 0.36438 1660 0.649452 -1 0.104995 2783 0.000272731 -1 0.167173 0.491824
558 3175 0.0124879 1 0.349375 3205 0.197403 -1 0.226138 4031 0.01487 -1 0.0374108 0.513801
559 2589 0.0874838 1 0.363049 2584 0.0623482 -1 0.0623309 3646 0.126713 1 0.216156 0.47599
560 3743 0.0669752 -1 0.366109 4119 0.0181644 1 0.257373 2911 0.00136024 -1 0.0313034 0.45091
561 3185 0.121598 1 0.355334 656 0.338922 -1 0.0368244 4044 0.175479 1 0.254894 0.443526
562 1870 0.106718 -1 0.374065 1891 0.0806422 1 0.133623 3306 0.0801213 1 0.144632 0.476566
563 2890 0.0204587 -1 0.376174 465 0.319911 1 0.145452 3359 0.00514001 -1 0.135698 0.469382
564 2186 0.0992711 1 0.366668 822 0.319031 1 0.123745 263 0.342141 1 0.159615 0.463929
565 3186 0.00504345 -1 0.381216 2355 0.0439145 1 0.0314201 2624 0.12706 1 0.275137 0.408134
566 36 0.267735 1 0.365986 1249 0.099579 1 0.215946 2320 0.0343189 -1 0.0674972 0.463722
567 2944 0.00868522 -1 0.366722 1918 0.0659869 1 0.0855959 2080 0.00467001 -1 0.198721 0.461574
568 172 0.255712 -1 0.361386 669 0.323344 1 0.191727 3311 0.129319 1 0.0752249 0.505072
569 967 0.481583 -1 0.361081 596 0.337747 -1 0.099793 3675 0.183403 1 0.18031 0.471975
570 3557 0.0700104 1 0.377405 1638 0.709233 -1 0.16529 2169 0.188629 1 0.124443 0.448341
571 415 0.290002 1 0.368764 3545 0.0747549 -1 0.152764 3949 0.19207 1 0.133491 0.45682
572 760 0.332893 1 0.377023 1237 0.50489 1 0.139213 1213 0.486648 -1 0.130266 0.498634
573 178 0.217748 -1 0.373715 155 0.186776 1 0.119376 3296 1.15316e-08 -1 0.160372 0.472854
574 3421 0.0565212 1 0.37518 1279 0.547122 -1 0.126045 3191 0.00546209 -1 0.150755 0.480196
575 3990 0.127312 1 0.379017 2430 0.0211506 1 0.120343 3852 0.133861 1 0.165224 0.458507
576 3744 0.0263238 -1 0.369755 1424 0.785158 -1 0.159752 2274 0.146226 1 0.127146 0.455249
577 2591 0.00175586 -1 0.371221 1827 0.0590053 1 0.0181346 3584 0.0908309 1 0.259052 0.47923
578 3323 0.0584666 1 0.368545 705 0.322243 1 0.176742 1136 0.48833 -1 0.0999181 0.480544
579 3712 0.00309319 -1 0.358761 3316 0.00868697 1 0.0742211 3299 0.222045 1 0.204732 0.47483
580 1635 0.621108 -1 0.362082 2657 0.0199734 1 0.218176 3770 0.109645 1 0.0604842 0.47556
581 3200 0.00343463 -1 0.35592 2081 0.0867386 -1 0.0700389 3773 0.0013675 -1 0.215942 0.457492
582 446 0.34561 -1 0.353306 820 0.320457 1 0.253369 527 0.327136 -1 0.032847 0.456917
583 4073 0.10228 1 0.358057 1450 0.723689 -1 0.125484 3903 0.0206861 -1 0.145368 0.495154
584 2170 0.117164 1 0.348441 3389 0.0176983 1 0.0723641 2157 0.175457 1 0.199991 0.491352
585 2635 0.0534619 -1 0.36088 1822 0.0387137 1 0.168769 3939 0.176749 1 0.101196 0.4974
586 1663 0.399507 -1 0.364523 2119 0.0526786 1 0.160581 3308 0.25075 1 0.117682 0.476546
587 2016 0.0410822 1 0.366831 3189 0.0496919 -1 0.220321 3303 0.212091 1 0.0590063 0.4739
588 256 0.318703 1 0.369234 1710 0.0556196 1 0.0833609 99 0.328007 1 0.197571 0.469921
589 2935 0.0557691 1 0.371976 497 0.320774 1 0.160442 1064 0.46501 -1 0.112983 0.488658
590 3995 0.0855065 1 0.372066 702 0.353233 -1 0.128246 3743 0.0014338 -1 0.150625 0.475035
591 579 0.340532 1 0.353054 447 0.354004 -1 0.082387 2287 0.0218759 -1 0.165513 0.554922
592 2442 0.0629059 1 0.37918 481 0.342411 -1 0.122008 2414 0.104527 1 0.169306 0.444505
593 3323 0.024559 1 0.371975 2903 0.0466447 -1 0.233778 2975 2.83601e-09 -1 0.0363296 0.497039
594 412 0.294846 1 0.359794 1310 0.254173 1 0.107146 2825 0.00127182 -1 0.156986 0.512299
595 3322 0.0808256 1 0.360105 830 0.319615 1 0.147809 2624 2.06259e-07 -1 0.140455 0.451915
596 242 0.262716 -1 0.368914 81 0.191817 1 0.23977 1201 0.447402 -1 0.0526028 0.441944
597 138 0.195018 -1 0.344961 485 0.339318 -1 0.0615761 2751 0.00195501 -1 0.192475 0.53856
598 2896 0.105533 -1 0.369897 2416 0.0322982 1 0.26039 1728 0.366498 1 0.0231456 0.463496
599 4012 0.125822 1 0.35863 1417 0.755876 -1 0.0661551 4086 0.172134 1 0.203694 0.497695
600 816 0.348311 1 0.37486 622 0.349818 -1 0.0747953 391 0.353511 1 0.187079 0.518124
601 1894 0.181944 -1 0.364887 1984 0.0711858 1 0.211506 683 0.312541 -1 0.0667067 0.476672
602 2939 0.0881319 1 0.362399 3036 0.224202 -1 0.114896 3152 0.243411 1 0.137574 0.542741
603 3392 0.0140545 -1 0.371438 3743 0.0578062 -1 0.134652 181 0.193929 -1 0.148468 0.464518
604 3134 0.0378312 1 0.37194 579 0.326503 1 0.168303 2655 0.000501063 -1 0.102818 0.494471
605 620 0.329584 -1 0.366274 494 0.314785 1 0.149289 2400 0.023542 -1 0.131271 0.470843
606 2274 0.138683 1 0.361217 1942 0.138467 1 0.0681563 2055 0.529685 1 0.217723 0.457742
607 1393 0.689598 -1 0.359144 1475 0.516001 1 0.18778 3508 0.0118138 -1 0.0835157 0.49403
608 1007 0.468058 -1 0.358374 3101 0.0140209 1 0.0381036 3622 0.117286 1 0.240295 0.47621
609 2 0.280742 1 0.351915 3287 0.0105439 1 0.214632 2623 0.125383 1 0.0666764 0.468989
610 3625 0.00419148 -1 0.371488 3181 0.0179744 1 0.020926 2489 0.00404997 -1 0.275299 0.43267
611 1282 0.246136 1 0.344965 1248 0.65572 -1 0.243433 1050 0.412728 -1 0.0299695 0.488713
612 3927 0.0972461 1 0.361604 3109 0.230627 -1 0.144869 3988 0.139982 1 0.139598 0.461205
613 2080 0.00950208 -1 0.372956 1248 0.0920858 1 0.0531348 3328 0.00176975 -1 0.223511 0.48058
614 3736 0.0646835 -1 0.346729 3048 0.0157903 1 0.198925 2814 0.102512 1 0.075594 0.485908
615 729 0.339855 1 0.378149 564 0.361538 -1 0.114679 263 0.355964 1 0.170592 0.459231
616 1276 0.573742 -1 0.363376 1340 0.327691 1 0.199872 1032 0.469809 -1 0.0723482 0.491694
617 2186 0.109993 1 0.357957 2483 0.127016 -1 0.11773 2254 0.143989 1 0.160051 0.477746
618 4075 0.111939 1 0.37048 1490 0.66874 -1 0.107437 4071 0.154418 1 0.16621 0.488098
619 256 0.318703 1 0.37172 2537 0.06836 -1 0.0769625 4128 0.0134839 -1 0.196694 0.488074
620 3854 0.0261787 1 0.367644 643 0.321312 1 0.286675 2781 0.158414 1 0.0170237 0.414873
621 3990 0.174744 1 0.356124 444 0.337265 -1 0.0533255 2286 0.0283352 -1 0.214145 0.503748
622 2339 0.0758985 1 0.371304 3698 0.0894937 -1 0.135417 3455 0.00108282 -1 0.139466 0.484994
623 2268 0.0816318 1 0.379664 1756 0.247182 -1 0.106471 3713 1.3337e-08 -1 0.169527 0.482199
624 2935 0.0436393 1 0.370627 3319 0.0263482 1 0.183991 3422 0.0891613 1 0.106206 0.447214
625 199 0.207966 -1 0.379756 7 0.202557 1 0.0841882 2789 0.0116996 -1 0.189553 0.487863
626 1823 0.0548241 1 0.36354 1609 0.428287 1 0.215237 2751 0.115901 1 0.055573 0.495258
627 23 0.307284 1 0.358497 1426 0.710862 -1 0.0920183 3321 0.272816 1 0.187094 0.474436
628 2974 0.054932 1 0.378919 3553 0.0391205 1 0.157537 3263 0.00124462 -1 0.110504 0.502293
629 1754 0.136196 1 0.358314 1981 0.281381 -1 0.156205 1727 0.102883 1 0.123013 0.474171
630 1416 0.59323 -1 0.376534 241 0.274959 -1 0.103194 3158 0.0152968 -1 0.176795 0.472257
631 3766 0.00915701 -1 0.365967 1273 0.166768 1 0.0275041 3782 0.165817 1 0.253209 0.470465
632 547 0.324424 1 0.358571 1037 0.517322 -1 0.219624 707 0.325988 1 0.0493448 0.49993
633 3744 0.00598054 -1 0.368701 1251 0.120735 1 0.0550619 2080 0.00949542 -1 0.225165 0.471669
634 1662 0.599361 -1 0.3639 3792 0.0267447 1 0.246029 2390 0.0342978 -1 0.042949 0.450175
635 2784 0.00613372 -1 0.372999 3443 0.0806848 -1 0.0919988 2109 0.091362 1 0.197322 0.449343
636 3422 0.0504862 1 0.349392 3718 0.102285 -1 0.118203 3120 0.272273 1 0.155639 0.487608
637 1279 0.404152 -1 0.362034 1341 0.339119 1 0.115841 1063 0.470031 -1 0.168912 0.460503
638 3299 0.0904744 1 0.364245 209 0.259469 -1 0.0865098 2943 0.000112739 -1 0.17219 0.526368
639 1763 0.0962877 1 0.350944 1799 0.252508 -1 0.205776 11 0.358641 1 0.0589709 0.51072
640 2888 0.055123 -1 0.36062 429 0.32042 1 0.238948 2752 0.0108506 -1 0.0465013 0.458795
641 1232 0.526271 1 0.36005 530 0.326739 1 0.0716398 690 0.321409 -1 0.199905 0.493399
642 4025 0.186342 1 0.373754 4 0.273435 1 0.0448739 3775 0.00276616 -1 0.248304 0.44
643 1442 0.604314 1 0.345544 647 0.364077 -1 0.213865 3494 0.0941128 1 0.0596972 0.488313
644 3241 0.00447173 -1 0.363571 1567 0.679893 -1 0.0456958 2624 0.146742 1 0.237562 0.464179
645 1407 0.60801 -1 0.37379 1791 0.0353391 1 0.187287 2106 0.0136661 -1 0.100062 0.454148
646 1437 0.649827 1 0.36886 314 0.224105 1 0.102718 2260 0.169976 1 0.179863 0.465849
647 3307 0.113362 1 0.365604 3558 0.0405743 1 0.0602007 3435 0.111637 1 0.232923 0.440131
648 2124 0.0308469 1 0.349187 1525 0.76772 -1 0.236006 2282 0.157524 1 0.0493535 0.459016
649 2466 0.0235888 -1 0.376185 1923 0.0325834 1 0.11012 1676 0.281868 1 0.164685 0.485189
650 3675 0.0447298 1 0.369002 573 0.327585 1 0.166311 166 0.347064 1 0.11362 0.472402
651 1663 0.399507 -1 0.360008 1659 0.237863 1 0.157052 3743 0.000893951 -1 0.11282 0.497637
652 3744 0.0263238 -1 0.355271 4011 0.0173544 1 0.162212 167 0.179169 -1 0.124849 0.45485
653 4024 0.187943 1 0.357674 3922 0.217914 -1 0.0317979 294 0.359362 1 0.249363 0.469355
654 3589 0.0301041 1 0.356573 2033 0.0309632 1 0.23286 318 0.295368 1 0.0508564 0.46305
655 816 0.359087 1 0.339575 575 0.353871 -1 0.0235931 3296 9.46853e-09 -1 0.238267 0.518162
656 2653 0.0188579 1 0.355344 2681 0.0851395 -1 0.232802 0 0.363337 1 0.0441812 0.479738
657 2111 0.0200723 -1 0.34825 3544 0.135032 -1 0.127003 1105 0.452197 -1 0.131283 0.527447
658 3315 0.0559164 1 0.367709 1880 0.129468 1 0.149266 3528 0.101299 1 0.121849 0.494486
659 1632 0.446462 -1 0.38451 465 0.324276 1 0.16143 385 0.352607 1 0.12227 0.463091
660 999 0.484598 -1 0.367662 626 0.349135 -1 0.120049 2248 0.172464 1 0.157488 0.478356
661 1014 0.500137 1 0.363177 665 0.331819 1 0.127901 104 0.345314 1 0.137279 0.509608
662 623 0.331121 -1 0.352551 3175 0.00754525 1 0.173557 2705 0.0093903 -1 0.102701 0.48155
663 705 0.324292 1 0.367995 173 0.251665 -1 0.221478 914 0.462491 -1 0.0536373 0.484412
664 96 0.294026 1 0.368393 414 0.234767 1 0.145258 3679 0.00184407 -1 0.142855 0.452283
665 4071 0.150485 1 0.376647 3087 0.0439452 1 0.0745059 4108 0.132835 1 0.205056 0.473319
666 4146 0.0802052 -1 0.369728 1629 0.315584 1 0.228112 2352 0.149529 1 0.0573482 0.458769
667 3583 0.00174394 -1 0.362204 3188 0.0066175 1 0.00990587 3518 0.108485 1 0.297827 0.40537
668 3449 0.0507893 -1 0.376948 253 0.231094 1 0.183727 3773 0.0060062 -1 0.0906734 0.486204
669 3321 0.0719702 1 0.376229 3477 0.04229 -1 0.150774 3722 0.00493901 -1 0.125299 0.482013
670 2593 0.0600647 1 0.368034 2607 0.0878616 -1 0.0993599 2689 0.079515 1 0.162387 0.518455
671 210 0.223804 -1 0.36927 1038 0.531551 -1 0.132951 2976 0.00670299 -1 0.126395 0.524685
672 3875 0.134755 1 0.364527 1418 0.731485 -1 0.0688436 2687 0.00305463 -1 0.205195 0.487114
673 2935 0.0567594 1 0.367287 3066 0.153948 -1 0.154354 2140 0.100074 1 0.125694 0.472112
674 320 0.319173 1 0.365985 1891 0.083335 1 0.117959 389 0.328274 1 0.167 0.459998
675 2117 0.0905296 1 0.370765 53 0.204785 1 0.108762 2943 0.00135328 -1 0.173773 0.465961
676 2942 0.0796395 1 0.355762 1301 0.71658 -1 0.112279 3007 3.2009e-10 -1 0.152491 0.510661
677 1726 0.0410997 1 0.35445 1757 0.235291 -1 0.186704 4004 0.122396 1 0.0758814 0.516287
678 2682 0.0348852 -1 0.364181 3055 0.0565345 1 0.144613 4021 0.163025 1 0.119877 0.51138
679 3166 0.103463 1 0.370605 2527 0.0555466 -1 0.0746407 3807 0.0139075 -1 0.20925 0.462621
680 2170 0.116712 1 0.36355 622 0.347524 -1 0.0596614 2686 0.0923382 1 0.211277 0.494933
681 446 0.321376 1 0.351222 616 0.373417 -1 0.23256 3711 0.00027458 -1 0.0364702 0.499774
682 4045 0.156775 1 0.351143 4146 0.102153 -1 0.0486507 3996 0.184591 1 0.227079 0.482872
683 4159 0.0312701 -1 0.379674 1791 0.0325898 1 0.140008 2911 0.00857801 -1 0.144978 0.459933
684 3645 0.0871381 1 0.372588 3602 0.0897655 -1 0.0765512 3 0.360242 1 0.211896 0.451469
685 3307 0.0335305 1 0.363174 3879 0.0206784 1 0.166461 3647 0.000973833 -1 0.113894 0.471351
686 2890 0.0183348 -1 0.363086 3323 0.024502 1 0.131645 1716 0.437195 1 0.148632 0.471546
687 2032 0.0989355 1 0.367213 1483 0.761804 -1 0.181513 2157 0.135642 1 0.0940797 0.483216
688 3304 0.0721104 1 0.352239 3208 0.0863871 -1 0.0796812 1695 0.286415 1 0.187514 0.50445
689 1279 0.623097 -1 0.366244 146 0.293339 -1 0.270488 2698 0.0115967 -1 0.0254522 0.433354
690 2106 0.0110532 -1 0.356896 1278 0.197202 1 0.0516762 315 0.316207 1 0.213267 0.510216
691 1696 0.0689427 1 0.366095 288 0.223865 1 0.1582 3454 0.0911373 1 0.104989 0.514729
692 2589 0.0876993 1 0.368952 2584 0.0661994 -1 0.0518398 2916 0.125873 1 0.232962 0.460383
693 1857 0.110613 1 0.369428 1895 0.263382 -1 0.179182 2901 0.00796864 -1 0.108472 0.453401
694 2188 0.17168 1 0.35808 2131 0.208996 -1 0.0305727 2306 0.129167 1 0.25014 0.470464
695 2047 0.0499763 1 0.368986 1032 0.508593 -1 0.220398 2111 0.000547465 -1 0.0644296 0.46032
696 1567 0.482953 -1 0.344253 1918 0.0536491 1 0.109309 2933 0.196779 1 0.148209 0.529455
697 2210 0.0694785 1 0.357339 1425 0.682089 -1 0.175039 2395 0.12388 1 0.0871124 0.517408
698 3744 0.0152737 -1 0.358152 1251 0.227283 1 0.106276 4023 0.130977 1 0.169417 0.482963
699 3939 0.0944489 1 0.371306 3721 0.153664 -1 0.137966 3981 0.138206 1 0.115694 0.539594
700 3324 0.106111 1 0.345712 1619 0.686669 -1 0.111131 2655 0.000191357 -1 0.143533 0.536945
701 2026 0.164502 1 0.350084 643 0.316691 1 0.158075 3616 0.00218744 -1 0.100504 0.526685
702 3654 0.0856594 1 0.356937 1637 0.649791 -1 0.0759961 1074 0.453818 -1 0.182556 0.526754
703 3306 0.0821487 1 0.373886 1885 0.274787 -1 0.0717634 3949 0.0500418 -1 0.215705 0.453856
704 3712 0.00483342 -1 0.37007 1650 0.242927 1 0.0948459 387 0.360693 1 0.193605 0.45146
705 1898 0.109318 1 0.371644 2464 0.0993513 -1 0.234091 3855 0.116369 1 0.064486 0.427042
706 2171 0.129022 1 0.362761 1311 0.678519 -1 0.0527766 3343 0.0105951 -1 0.218869 0.493145
707 2937 0.0810111 1 0.365713 3995 0.0423592 1 0.141587 4006 0.165847 1 0.139873 0.468614
708 383 0.292971 1 0.382701 1987 0.031689 1 0.117378 3308 0.206922 1 0.171317 0.450865
709 401 0.280459 -1 0.360369 735 0.322386 1 0.153723 384 0.361677 1 0.103495 0.530238
710 3615 0.0261476 -1 0.359587 496 0.321773 1 0.137659 3194 0.0170216 -1 0.145848 0.463566
711 327 0.314822 1 0.361627 1654 0.153141 1 0.0867243 2727 0.119616 1 0.198652 0.458975
712 3552 0.0807514 1 0.366344 1425 0.734203 -1 0.0788541 2227 0.158299 1 0.210495 0.449274
713 1426 0.64978 -1 0.378967 706 0.323125 1 0.199075 3103 3.14378e-05 -1 0.0940666 0.440088
714 3992 0.142967 1 0.369682 4096 0.120671 -1 0.0783916 3549 0.0989959 1 0.196415 0.485187
715 3322 0.0622721 1 0.364584 3512 0.0812774 -1 0.163366 2911 4.01235e-05 -1 0.112025 0.483721
716 647 0.329472 -1 0.360373 2299 0.0389965 1 0.14823 3711 0.00566287 -1 0.132791 0.469702
717 3974 0.111901 1 0.375788 1648 0.687461 -1 0.114707 4072 0.187032 1 0.154079 0.500395
718 2000 0.12493 1 0.365356 2013 0.317402 -1 0.194569 2158 0.123986 1 0.0786685 0.489129
719 3183 0.118419 1 0.365075 2419 0.0354431 1 0.0907867 2328 0.0197151 -1 0.179357 0.496947
720 324 0.313318 1 0.381291 1282 0.7202 -1 0.130936 2249 0.17758 1 0.179838 0.398251
721 3299 0.0832632 1 0.368539 2893 0.0828907 -1 0.0662323 3647 0.012065 -1 0.195184 0.51931
722 784 0.341185 1 0.365564 623 0.349394 -1 0.093094 3518 0.0936537 1 0.175692 0.500395
723 3315 0.0222379 1 0.382407 1652 0.717742 -1 0.186282 3232 7.43133e-11 -1 0.0852 0.493558
724 1408 0.764752 1 0.359955 1705 0.0600297 1 0.048852 3328 0.00140214 -1 0.220507 0.498939
725 2588 0.0908689 1 0.362491 1568 0.680122 -1 0.0536016 998 0.471149 -1 0.206228 0.523427
726 546 0.326096 1 0.369759 447 0.354004 -1 0.197289 3502 0.123015 1 0.0868495 0.462012
727 3359 0.000565138 -1 0.370191 1695 0.0804637 1 0.0125536 3767 0.00546489 -1 0.290033 0.417505
728 2653 0.0188579 1 0.33983 2527 0.0698053 -1 0.220954 3007 1.62083e-09 -1 0.0418262 0.515784
729 1456 0.679168 -1 0.367321 1993 0.0703753 1 0.188849 2526 0.0755743 1 0.0942139 0.464661
730 3823 0.109219 1 0.363352 3412 0.0350904 -1 0.0846258 3991 0.174371 1 0.183616 0.50178
731 32 0.293702 1 0.368444 1266 0.194947 1 0.175246 2080 0.0102643 -1 0.109243 0.461153
732 137 0.197607 -1 0.36715 563 0.353053 -1 0.0608143 211 0.198651 -1 0.193443 0.538018
733 2888 0.0506997 -1 0.364585 88 0.222284 1 0.25641 2622 0.127325 1 0.0347503 0.444878
734 1850 0.32953 1 0.347658 351 0.264184 1 0.0328896 2782 0.108816 1 0.22532 0.527647
735 2527 0.0582967 -1 0.376346 1393 0.752102 -1 0.246317 103 0.175736 -1 0.057932 0.413573
736 816 0.355196 1 0.385341 812 0.389168 -1 0.0527179 1233 0.466607 -1 0.233223 0.45759
737 1894 0.175525 -1 0.370351 788 0.316338 1 0.216915 3743 0.00666079 -1 0.0616889 0.475699
738 326 0.342553 1 0.351626 2342 0.0109272 1 0.0366902 3558 0.160425 1 0.237755 0.486092
739 3675 0.0589448 1 0.372626 477 0.324037 1 0.121815 3010 0.0215938 -1 0.160428 0.466681
740 2592 0.0605119 1 0.364985 2862 0.0837145 -1 0.0944833 3743 0.00153578 -1 0.181214 0.482953
741 3765 0.0554123 -1 0.359277 3677 0.0111094 1 0.175342 1696 0.434834 1 0.101084 0.48113
742 4069 0.146831 1 0.377948 3723 0.0884443 -1 0.0559078 3186 0.00355331 -1 0.240299 0.432714
743 3312 0.0245178 1 0.348002 3728 0.115363 -1 0.212517 2063 0.459114 1 0.0649382 0.478559
744 4086 0.171083 1 0.378698 597 0.342626 -1 0.0348005 0 0.360455 1 0.239625 0.486141
745 2124 0.0369293 1 0.360183 2768 0.0107548 1 0.226488 2339 0.182241 1 0.07089 0.429907
746 3585 0.0525461 1 0.371795 3715 0.0513847 -1 0.130188 3200 1.92587e-08 -1 0.144564 0.485321
747 3298 0.0182644 1 0.363578 766 0.326182 1 0.188926 318 0.289811 1 0.098982 0.452783
748 3120 0.235865 1 0.370824 656 0.341307 -1 0.0340915 2306 0.132601 1 0.250865 0.460005
749 2368 0.0834289 -1 0.351478 1411 0.610809 1 0.216365 2477 0.0184042 -1 0.0555918 0.492359
750 2111 0.0149425 -1 0.36329 1310 0.174579 1 0.123983 2320 0.0346033 -1 0.150781 0.485293
751 2170 0.124204 1 0.373952 3868 0.0460692 1 0.0696107 2218 0.178829 1 0.222687 0.442125
752 1567 0.614569 -1 0.372549 1950 0.0493202 1 0.20781 3588 0.164456 1 0.0707358 0.475842
753 2939 0.0690465 1 0.375644 2776 0.07183 -1 0.170685 1418 0.33464 -1 0.113165 0.462722
754 4045 0.0932319 1 0.358735 647 0.357119 -1 0.122444 2880 1.00397e-09 -1 0.164123 0.45606
755 3474 0.0293345 -1 0.375962 3319 0.0385831 1 0.133096 3116 0.00840645 -1 0.15858 0.443629
756 3840 0.0670811 -1 0.373579 1268 0.223436 1 0.2092 1344 0.494929 -1 0.0824083 0.443794
757 3581 0.0753463 1 0.37504 1987 0.0183883 1 0.106396 1416 0.551283 -1 0.173873 0.471564
758 1827 0.136642 1 0.369204 288 0.229591 1 0.18645 432 0.362147 1 0.0922518 0.475454
759 232 0.188101 -1 0.351421 243 0.162464 1 0.038732 2912 1.46834e-08 -1 0.222743 0.519158
760 1655 0.511332 -1 0.370666 2034 0.0293058 1 0.157511 3359 0.000310056 -1 0.110175 0.503199
761 2974 0.050579 1 0.375241 595 0.354989 -1 0.178848 3231 7.36812e-09 -1 0.101124 0.472299
762 1727 0.109193 1 0.352766 1309 0.68113 -1 0.110982 2205 0.123887 1 0.151657 0.516148
763 3101 0.0300089 1 0.367688 413 0.21245 1 0.209942 0 0.364432 1 0.0733973 0.463977
764 2688 0.0703727 1 0.353425 210 0.27966 -1 0.0927894 2624 0.146899 1 0.176066 0.500218
765 3200 0.00343463 -1 0.370201 2446 0.0179628 1 0.0737362 386 0.347895 1 0.216625 0.446815
766 3557 0.0324072 1 0.368772 1822 0.0420623 1 0.261403 1009 0.456694 -1 0.0385648 0.423726
767 2938 0.167884 1 0.36164 3032 0.237025 -1 0.0605286 3583 0.00240377 -1 0.222096 0.46574
768 3297 0.0479982 1 0.376044 1855 0.33516 -1 0.110964 3992 0.185261 1 0.17845 0.449116
769 1714 0.116784 1 0.366416 999 0.539528 -1 0.222065 1702 0.00716611 -1 0.0730388 0.435363
770 4086 0.171083 1 0.370152 3890 0.12268 -1 0.0264602 816 0.359087 1 0.262745 0.449623
771 1278 0.544321 -1 0.356833 1902 0.238246 -1 0.220981 2055 0.530448 1 0.0578855 0.475045
772 2589 0.0874838 1 0.354938 2585 0.0575258 -1 0.0619879 7 0.358996 1 0.204163 0.507121
773 2896 0.131561 -1 0.361329 1628 0.310405 1 0.293019 2038 0.317458 1 0.00840347 0.420266
774 415 0.288389 1 0.348539 3286 0.016086 1 0.149624 137 0.131738 -1 0.124284 0.487444
775 2911 0.0189349 -1 0.371751 1860 0.0720275 1 0.168213 167 0.178176 -1 0.120469 0.450898
776 2224 0.0658451 -1 0.376851 1908 0.11635 1 0.15074 579 0.357608 1 0.131973 0.465522
777 2880 0.0128936 -1 0.373085 3282 0.00761039 1 0.162506 2467 0.0152762 -1 0.131709 0.437499
778 2031 0.280806 1 0.352277 737 0.323771 1 0.0485098 3520 0.181023 1 0.230754 0.474057
779 36 0.24776 1 0.373395 1265 0.187049 1 0.270633 3118 0.344923 1 0.0383267 0.402495
780 977 0.458609 -1 0.358777 368 0.23469 1 0.0273095 2814 0.0833321 1 0.260306 0.453496
781 2901 0.0278159 -1 0.369419 3319 0.0193126 1 0.162514 2200 0.224392 1 0.117901 0.471204
782 2046 0.0389027 1 0.352301 626 0.357625 -1 0.216688 3620 0.15082 1 0.0603827 0.479519
783 3677 0.0865354 1 0.347905 763 0.362336 -1 0.0630301 3647 0.000973833 -1 0.20111 0.51228
784 4038 0.0982479 1 0.365365 798 0.32074 1 0.158142 3972 0.143894 1 0.122733 0.470064
785 3322 0.131226 1 0.368542 1625 0.709649 -1 0.0890429 3232 0.00245004 -1 0.176969 0.507475
786 2307 0.0996955 1 0.372767 89 0.21539 1 0.101785 326 0.344054 1 0.178067 0.472597
787 4159 0.0380051 -1 0.363832 2032 0.0794477 1 0.162071 2597 0.202524 1 0.110922 0.489743
788 1276 0.534758 -1 0.381213 1647 0.723986 -1 0.179392 1196 0.469168 -1 0.104905 0.461625
789 2197 0.121691 1 0.36784 2389 0.180448 -1 0.078497 2188 0.138064 1 0.207341 0.457843
790 3111 0.0378054 1 0.370321 3996 0.0269519 1 0.188687 2943 1.86937e-09 -1 0.0853037 0.487235
791 3307 0.11973 1 0.368497 2695 0.103086 -1 0.0607693 2912 1.46834e-08 -1 0.230491 0.444635
792 3718 0.0829735 -1 0.352721 1001 0.544195 -1 0.246723 4105 0.146234 1 0.0417734 0.451349
793 3907 0.173096 1 0.355615 1248 0.641575 -1 0.050889 4077 0.236254 1 0.226748 0.478108
794 611 0.32488 1 0.364225 1822 0.360711 -1 0.241669 1051 0.460275 -1 0.0459884 0.453394
795 3647 0.00991161 -1 0.366668 2935 0.0255954 1 0.06821 3122 0.00274582 -1 0.225398 0.438962
796 3054 0.0451894 1 0.374908 2991 0.135594 -1 0.20785 3307 0.248538 1 0.0784935 0.456604
797 3744 0.0183252 -1 0.377224 1994 0.0875039 1 0.127607 1383 0.567412 -1 0.154947 0.465914
798 3989 0.121499 1 0.360295 4147 0.154518 -1 0.122804 2628 0.18353 1 0.158362 0.469345
799 1728 0.0664266 1 0.382604 1308 0.279655 1 0.22986 3744 2.06541e-08 -1 0.0763164 0.409027
800 325 0.318648 1 0.353995 319 0.263543 1 0.081036 2766 0.181074 1 0.198027 0.474558
801 172 0.245079 -1 0.363086 1457 0.756767 -1 0.169688 1009 0.471877 -1 0.0806734 0.548344
802 3301 0.136341 1 0.350745 1636 0.629945 -1 0.0606724 3296 9.46853e-09 -1 0.200562 0.51978
803 3553 0.0413019 1 0.370187 3680 0.109778 -1 0.164907 2227 0.152049 1 0.120413 0.459113
804 2609 0.0115692 -1 0.378114 3315 0.0213477 1 0.0614304 2805 0.0136356 -1 0.22704 0.451412
805 4107 0.0640846 1 0.384623 2484 0.0978795 -1 0.161657 2282 0.186922 1 0.131798 0.439332
806 64 0.307151 1 0.382183 1259 0.224268 1 0.129051 3558 0.186616 1 0.160564 0.448627
807 3315 0.0706285 1 0.379512 4159 0.0645234 -1 0.119351 3782 0.00701729 -1 0.17168 0.44519
808 2596 0.0403817 1 0.376168 1712 0.0770638 1 0.1859 3090 0.00384825 -1 0.0944539 0.471353
809 2762 0.024736 -1 0.373342 675 0.318971 1 0.113285 2556 0.107318 1 0.179685 0.4405
810 370 0.268173 -1 0.378747 4059 0.0769529 1 0.172098 294 0.364266 1 0.115851 0.452683
811 2022 0.0878493 1 0.368445 1599 0.66073 -1 0.177854 4104 0.135948 1 0.106193 0.462239
812 3310 0.0697539 1 0.378423 6 0.245843 1 0.154688 3151 0.15805 1 0.143459 0.428068
813 173 0.205027 -1 0.3723 1426 0.711914 -1 0.0833274 211 0.197227 -1 0.185034 0.501476
814 272 0.227696 1 0.347094 1361 0.754414 -1 0.166399 3644 0.186625 1 0.104093 0.496062
815 2880 0.00518336 -1 0.371675 1279 0.567584 -1 0.0994801 2268 0.107747 1 0.172071 0.493383
816 3322 0.114621 1 0.381143 756 0.328489 1 0.120051 2759 0.11062 1 0.171434 0.444092
817 590 0.331702 -1 0.371247 1267 0.152381 1 0.168945 686 0.330402 -1 0.109259 0.476694
818 784 0.347424 1 0.341457 447 0.353576 -1 0.0707654 3768 0.00424599 -1 0.190006 0.52098
819 2047 0.0771692 1 0.357784 1535 0.656856 -1 0.172438 1693 0.00081289 -1 0.104315 0.480313
820 1943 0.223736 1 0.357174 221 0.301632 -1 0.134157 2655 0.00212146 -1 0.138466 0.490676
821 2767 0.0568915 1 0.357413 1037 0.520923 -1 0.152134 853 0.536792 1 0.122953 0.484484
822 320 0.328548 1 0.363202 2512 0.0687148 -1 0.100931 231 0.166247 -1 0.17565 0.480742
823 4107 0.0517056 1 0.374466 2895 0.0767533 -1 0.167546 3585 0.0914562 1 0.105619 0.48931
824 1073 0.45139 -1 0.38121 415 0.273678 1 0.0258726 2490 0.00864785 -1 0.272875 0.426634
825 2030 0.0355287 1 0.354295 1870 0.299724 -1 0.257809 4081 0.0610823 1 0.0326855 0.446492
826 2260 0.146006 1 0.361772 1859 0.0621713 1 0.0520607 2783 0.149763 1 0.23114 0.464319
827 2187 0.0646405 1 0.374986 3728 0.100967 -1 0.197447 3007 3.2009e-10 -1 0.083853 0.469011
828 2161 0.0450417 -1 0.381936 3539 0.0547011 -1 0.102378 101 0.348688 1 0.182405 0.460431
829 590 0.328299 -1 0.369308 1794 0.0799192 1 0.149847 848 0.535869 1 0.125115 0.484795
830 3582 0.0932952 1 0.369814 2570 0.0998696 -1 0.0603695 4086 0.173995 1 0.229944 0.446932
831 3023 0.0562952 1 0.374044 1812 0.062837 1 0.16413 2986 0.0881403 1 0.123976 0.4523
832 2606 0.0439248 -1 0.376305 853 0.568795 -1 0.143591 3502 0.0235518 -1 0.142029 0.458377
833 3306 0.0785312 1 0.367041 2910 0.0670562 -1 0.0911127 3200 1.74271e-08 -1 0.199208 0.446913
834 2111 0.0188034 -1 0.373457 1278 0.17103 1 0.128482 1065 0.472252 -1 0.143087 0.493337
835 2589 0.0828226 1 0.377684 2582 0.0646816 -1 0.0663503 2527 0.00106386 -1 0.220408 0.45559
836 244 0.267567 -1 0.364695 1916 0.0408693 1 0.222296 328 0.365776 1 0.0619889 0.461652
837 2597 0.129977 1 0.372769 1410 0.56564 1 0.0542477 2934 0.122973 1 0.238067 0.442083
838 3446 0.0211796 -1 0.359354 415 0.234682 1 0.113388 4031 0.0276067 -1 0.145352 0.526263
839 4091 0.0677801 1 0.37169 1993 0.143694 1 0.152886 390 0.358908 1 0.105942 0.526035
840 3319 0.0714771 1 0.362311 1894 0.221642 -1 0.152862 4059 0.319244 1 0.138725 0.443844
841 2902 0.0235233 -1 0.353755 2343 0.0148735 1 0.116993 2201 0.155055 1 0.148656 0.508406
842 1279 0.405027 -1 0.361103 2014 0.0148565 1 0.127091 3120 0.226745 1 0.16003 0.454704
843 2214 0.102252 1 0.367421 628 0.358263 -1 0.144413 3424 0.000263644 -1 0.137713 0.46697
844 3550 0.0552606 1 0.38011 831 0.31784 1 0.137274 3263 0.000568973 -1 0.149974 0.454395
845 1418 0.574687 -1 0.357791 1714 0.0983085 1 0.0853116 3743 0.00236924 -1 0.178894 0.512111
846 3213 0.135319 -1 0.360147 1362 0.768717 -1 0.244414 3917 0.146468 1 0.029861 0.486519
847 2421 0.0786732 1 0.347786 2478 0.119208 -1 0.10908 2913 0.151729 1 0.1692 0.476504
848 96 0.329222 1 0.364418 1952 0.00981925 1 0.0719384 2157 0.136598 1 0.206121 0.477054
849 3991 0.148118 1 0.373335 1482 0.77265 -1 0.0825924 3501 0.147995 1 0.209159 0.443447
850 3476 0.0643134 -1 0.376544 2876 0.024027 1 0.245565 3103 0.000282994 -1 0.0506141 0.43278
851 2304 0.0865179 -1 0.380142 177 0.272404 -1 0.214001 3811 0.151558 1 0.0816863 0.433961
852 3232 0.0106632 -1 0.377647 3308 0.0161167 1 0.129734 2338 0.135926 1 0.140246 0.497362
853 4070 0.139384 1 0.373803 1639 0.739959 -1 0.0875055 329 0.336282 1 0.19678 0.46165
854 2940 0.0917897 1 0.372786 1273 0.629392 -1 0.129697 3328 0.000106976 -1 0.160567 0.44705
855 1697 0.0873105 1 0.365874 1411 0.573769 1 0.172477 2624 0.219638 1 0.121105 0.439025
856 160 0.282941 1 0.375566 2176 0.0119009 1 0.131843 259 0.312734 1 0.145207 0.47957
857 200 0.204989 -1 0.356226 1449 0.723271 -1 0.0964154 3233 1.99387e-08 -1 0.174679 0.494538
858 1663 0.493676 -1 0.359934 621 0.358211 -1 0.192715 186 0.308192 1 0.076074 0.500387
859 579 0.344902 1 0.354033 924 0.545967 -1 0.0701114 1192 0.465357 -1 0.194575 0.510876
860 480 0.340649 -1 0.37927 579 0.322801 1 0.216557 2939 0.166053 1 0.0545013 0.494629
861 2368 0.0124187 -1 0.363149 1284 0.244913 1 0.055447 3896 0.230095 1 0.230276 0.458125
862 1871 0.113242 -1 0.361953 2990 0.188174 -1 0.158021 2220 0.175805 1 0.114884 0.489967
863 2809 0.0637522 -1 0.370283 2447 0.0227838 1 0.241378 4085 0.191954 1 0.0549011 0.432541
864 2111 0.0141491 -1 0.375139 1791 0.0230044 1 0.120147 2254 0.0168241 -1 0.142119 0.517112
865 2140 0.0525972 1 0.355178 57 0.226079 1 0.108867 2717 0.0841391 1 0.148727 0.529255
866 3454 0.0587125 1 0.373261 1300 0.650184 -1 0.114686 3391 0.00102253 -1 0.160947 0.483114
867 4038 0.097165 1 0.362191 3268 0.0144182 1 0.140121 1040 0.445659 -1 0.137784 0.477439
868 4130 0.039858 -1 0.354135 1923 0.0394531 1 0.156296 2880 4.56415e-07 -1 0.112129 0.501314
869 1292 0.547999 1 0.367893 1747 0.122931 1 0.205767 2620 0.114703 1 0.0819299 0.453297
870 2936 0.15971 1 0.360152 1335 0.762843 -1 0.0548401 0 0.363203 1 0.237349 0.442388
871 1653 0.550513 -1 0.370123 1652 0.176672 1 0.171191 1674 0.311006 1 0.120145 0.444453
872 4103 0.138562 1 0.35944 1902 0.223972 -1 0.061342 4045 0.158485 1 0.212032 0.488786
873 4146 0.0683079 -1 0.369594 2714 0.0907698 -1 0.233172 2694 0.158437 1 0.0640091 0.430378
874 2784 0.00556906 -1 0.369265 3285 0.00301952 1 0.0951659 2222 0.164702 1 0.189937 0.459644
875 3585 0.0891724 1 0.364955 2889 0.0893328 -1 0.0607519 3455 0.000213252 -1 0.219349 0.47198
876 1891 0.108174 1 0.344277 1862 0.319119 -1 0.196943 2589 0.116034 1 0.0630687 0.522953
877 2593 0.0585964 1 0.370247 1981 0.208972 -1 0.105807 415 0.324335 1 0.174247 0.472097
878 2623 0.0310062 -1 0.357799 1465 0.431717 1 0.150891 2495 0.00126626 -1 0.129184 0.472044
879 3306 0.0773312 1 0.364304 2229 0.0343404 1 0.0747396 1048 0.445929 -1 0.216314 0.445135
880 1525 0.741898 -1 0.358809 738 0.313018 1 0.225993 3991 0.192172 1 0.0548885 0.470047
881 2656 0.120245 1 0.365119 1804 0.0738783 1 0.0491168 3665 0.000666416 -1 0.228001 0.479402
882 1978 0.0510509 1 0.360756 446 0.351558 -1 0.262491 2770 0.00570028 -1 0.0291893 0.443619
883 2936 0.169508 1 0.366337 2465 0.0444903 -1 0.0606451 2093 0.119155 1 0.226801 0.45391
884 2017 0.106742 1 0.369047 3213 0.0126795 1 0.158393 3308 0.315404 1 0.121717 0.471957
885 1261 0.664847 -1 0.375299 3743 0.0591919 -1 0.189256 3583 0.00422799 -1 0.104307 0.439071
886 3677 0.0648477 1 0.361574 1940 0.103397 1 0.116338 3102 0.0989939 1 0.158593 0.484873
887 320 0.324847 1 0.363562 1393 0.77758 -1 0.113076 390 0.347333 1 0.155493 0.500945
888 236 0.228539 -1 0.358252 188 0.173652 1 0.133182 979 0.455211 -1 0.130333 0.513889
889 784 0.347611 1 0.368796 445 0.34783 -1 0.0851551 4059 0.139352 1 0.191637 0.480216
890 2484 0.0427779 -1 0.370826 1567 0.64433 -1 0.157865 2706 0.00653453 -1 0.122496 0.471338
891 2451 0.0455429 1 0.361649 687 0.341719 -1 0.174533 2784 2.83867e-09 -1 0.106186 0.470449
892 611 0.334105 1 0.339962 648 0.354075 -1 0.142563 3551 0.00269929 -1 0.109415 0.544046
893 3549 0.0668226 1 0.371065 3718 0.103485 -1 0.117967 3120 0.222129 1 0.152279 0.496686
894 3907 0.108651 1 0.36748 700 0.325536 1 0.102366 4065 0.119437 1 0.162856 0.509501
895 1001 0.497591 -1 0.360595 447 0.316179 1 0.188771 752 0.369862 1 0.0840791 0.490106
896 3765 0.0298582 -1 0.35671 3055 0.0434994 1 0.090363 3487 1.45499e-07 -1 0.175105 0.508869
897 1746 0.182815 1 0.356201 1270 0.72925 -1 0.175155 1774 0.280663 1 0.095577 0.495457
898 1142 0.531123 1 0.371898 1398 0.762775 -1 0.050765 1063 0.449912 -1 0.24217 0.440586
899 3439 0.0454437 1 0.359421 2896 0.11616 -1 0.193904 3009 0.00072848 -1 0.0919043 0.457914
900 3556 0.088274 1 0.375734 1930 0.13733 1 0.11705 3917 0.145561 1 0.14535 0.516767
901 3744 0.0258145 -1 0.356335 3066 0.198186 -1 0.170286 3750 0.0191558 -1 0.1117 0.467317
902 2205 0.124879 1 0.368559 1470 0.71811 -1 0.0561724 3231 0.00026032 -1 0.215877 0.492124
903 1458 0.705544 -1 0.348828 624 0.357086 -1 0.225501 4152 0.0152617 -1 0.0533342 0.475124
904 2170 0.109411 1 0.364491 2111 0.0683824 -1 0.0832596 3552 0.127424 1 0.198771 0.467206
905 3321 0.0813952 1 0.369062 3445 0.0803374 -1 0.139275 2286 0.0246653 -1 0.140408 0.473017
906 1580 0.637365 1 0.35999 574 0.322982 1 0.137197 457 0.356778 1 0.146405 0.463332
907 3712 0.00309319 -1 0.360269 2952 0.173313 -1 0.0658987 96 0.347708 1 0.213029 0.474894
908 3267 0.0259382 1 0.36138 3718 0.113677 -1 0.165882 2016 0.310221 1 0.108412 0.486472
909 327 0.316505 1 0.375298 3149 0.17321 -1 0.0770591 2766 0.192239 1 0.212005 0.449967
910 1417 0.671395 -1 0.36509 4112 0.0212538 1 0.173104 2294 0.128906 1 0.106967 0.472055
911 3833 0.0935159 1 0.367526 1311 0.591642 -1 0.0774927 3989 0.179905 1 0.204545 0.467189
912 1663 0.490353 -1 0.357052 2663 0.0142022 1 0.197393 1439 0.448049 -1 0.0736791 0.494594
913 3420 0.0566577 1 0.372247 3416 0.0721798 -1 0.113894 2815 0.0660904 1 0.163563 0.478555
914 2934 0.156985 1 0.358745 2527 0.0595262 -1 0.050742 2589 0.121583 1 0.230639 0.46881
915 1918 0.0513997 1 0.346027 1679 0.00500354 1 0.232876 3550 0.194554 1 0.0422371 0.484418
916 3775 0.0096955 -1 0.357896 1279 0.111123 1 0.0801886 3906 0.167108 1 0.207196 0.45406
917 3392 0.00115777 -1 0.37987 3295 0.0860705 -1 0.0372647 3898 0.127355 1 0.264885 0.41854
918 490 0.332378 1 0.373592 616 0.364687 -1 0.145495 854 0.480001 -1 0.121525 0.504899
919 1567 0.482953 -1 0.35853 386 0.26347 1 0.115108 3562 0.00642647 -1 0.163005 0.476921
920 236 0.228539 -1 0.370237 3133 0.0197879 1 0.152819 165 0.343845 1 0.120757 0.488277
921 4045 0.108588 1 0.374968 4081 0.11992 -1 0.107149 2592 0.214408 1 0.184382 0.44398
922 1890 0.106988 1 0.35324 64 0.217847 1 0.20154 3766 0.00688379 -1 0.0758492 0.478725
923 4128 0.0172783 -1 0.380045 1633 0.073336 1 0.110963 2050 0.0250176 -1 0.18545 0.432219
924 1393 0.732755 -1 0.366503 3087 0.0326564 1 0.240949 2935 0.224625 1 0.0471277 0.452371
925 2700 0.0320449 -1 0.363604 3152 0.0479184 1 0.0888092 1841 0.447995 1 0.179812 0.500815
926 4071 0.0667467 1 0.364006 443 0.347352 -1 0.187901 3885 0.163429 1 0.0980078 0.457669
927 3322 0.0807595 1 0.370477 3195 0.156579 -1 0.146652 3359 0.00143862 -1 0.132451 0.474456
928 2890 0.025921 -1 0.361682 430 0.320874 1 0.15836 323 0.349928 1 0.128419 0.455538
929 590 0.332303 -1 0.367237 1761 0.0408747 1 0.194898 2283 0.180176 1 0.0913059 0.456946
930 3585 0.0907702 1 0.353677 1604 0.724912 -1 0.063083 3199 5.47783e-10 -1 0.210584 0.488048
931 3189 0.0327395 -1 0.357021 3613 0.0237921 1 0.163345 3744 0.00709476 -1 0.104736 0.502189
932 2657 0.0791318 1 0.373589 2609 0.0498271 -1 0.0994236 2560 0.0848061 1 0.175697 0.484399
933 1271 0.267564 1 0.357356 1299 0.752957 -1 0.268678 2970 0.107059 1 0.0174194 0.457208
934 3743 0.00262779 -1 0.371668 3232 0.0613678 -1 0.0323477 2371 0.143158 1 0.265012 0.429952
935 1279 0.481456 -1 0.376271 2047 0.0413345 1 0.174997 1127 0.465066 -1 0.102438 0.478612
936 784 0.343581 1 0.370963 780 0.368999 -1 0.0962405 292 0.352574 1 0.174307 0.495923
937 3323 0.0584666 1 0.357532 2905 0.0452555 -1 0.16275 2877 0.0413551 1 0.097086 0.523412
938 1382 0.806748 -1 0.370049 2445 0.0202311 1 0.287502 1765 0.0334677 -1 0.0155042 0.41651
939 2156 0.107154 1 0.374459 3926 0.0562146 1 0.122419 2911 0.000134083 -1 0.168549 0.445345
940 4159 0.0312701 -1 0.362193 1651 0.729018 -1 0.130976 2784 0.00360551 -1 0.15275 0.463026
941 4075 0.0703642 1 0.378635 3055 0.0396359 1 0.19354 3907 0.123592 1 0.0924998 0.457349
942 1032 0.479996 -1 0.366783 36 0.242684 1 0.120308 783 0.365648 1 0.146283 0.505994
943 3712 0.0101023 -1 0.379152 1968 0.327028 -1 0.125881 1693 0.00217658 -1 0.169489 0.434722
944 2275 0.0778984 1 0.372677 1941 0.153944 1 0.168229 2122 0.127573 1 0.11632 0.461004
945 3316 0.0679439 1 0.374383 26 0.206981 1 0.124764 3528 0.110424 1 0.154361 0.474403
946 2171 0.101557 1 0.373399 1617 0.779119 -1 0.0823808 2899 0.018699 -1 0.202055 0.461283
947 2527 0.000765353 -1 0.36392 2741 0.0547511 -1 0.0183315 3298 0.177674 1 0.280551 0.426314
948 1360 0.734715 -1 0.369209 209 0.269366 -1 0.243473 3318 0.228807 1 0.0507801 0.437409
949 96 0.345014 1 0.375007 255 0.230853 1 0.03565 2249 0.169907 1 0.265732 0.420362
950 3526 0.024822 1 0.379212 707 0.311211 1 0.274741 3399 0.0528309 1 0.0317087 0.408386
951 3238 0.00194733 -1 0.346521 1590 0.695993 -1 0.0220046 1449 0.414538 -1 0.267038 0.450018
952 2974 0.0652017 1 0.379571 1854 0.0378278 1 0.142596 2912 4.19292e-09 -1 0.140312 0.465041
953 3477 0.0466943 -1 0.381076 622 0.350805 -1 0.22424 3612 0.106528 1 0.061761 0.457444
954 180 0.198241 -1 0.362171 323 0.214021 1 0.0575476 172 0.192362 -1 0.212739 0.496586
955 415 0.296218 1 0.35256 1859 0.0225593 1 0.111328 2825 0.00124116 -1 0.162732 0.48706
956 2016 0.0928954 1 0.372069 1957 0.319494 -1 0.165809 2926 0.0145807 -1 0.119746 0.458536
957 4057 0.103669 1 0.377804 4095 0.146834 -1 0.131289 3550 0.099134 1 0.159307 0.446248
958 3744 0.00662324 -1 0.366753 1281 0.168318 1 0.0631303 0 0.351224 1 0.217916 0.469639
959 580 0.323225 1 0.350456 145 0.30305 -1 0.22727 65 0.351065 1 0.0525576 0.472658
960 1166 0.478905 -1 0.364081 3184 0.044235 1 0.0518993 1393 0.471913 -1 0.229168 0.469588
961 2464 0.0421744 -1 0.383729 4159 0.066102 -1 0.205902 3958 0.15903 1 0.094075 0.423703
962 3323 0.124863 1 0.380557 3259 0.146052 -1 0.0959903 2031 0.258103 1 0.169892 0.507809
963 3311 0.038465 1 0.372286 1648 0.726278 -1 0.195867 4056 0.125893 1 0.0928202 0.450884
964 11 0.302522 1 0.352037 1863 0.319668 -1 0.0901218 67 0.326472 1 0.192047 0.466865
965 4043 0.0846623 1 0.372974 3476 0.0636402 -1 0.165105 2880 1.00397e-09 -1 0.12016 0.459248
966 2621 0.0623561 1 0.364108 2650 0.0792693 -1 0.0995062 816 0.35017 1 0.175485 0.484723
967 3321 0.0880799 1 0.367667 3696 0.0984291 -1 0.135419 3232 1.57052e-08 -1 0.140642 0.482043
968 2904 0.0399049 -1 0.375102 3900 0.0584841 1 0.189619 3647 0.00258788 -1 0.088045 0.478038
969 1063 0.488507 -1 0.375099 2027 0.0315635 1 0.149364 878 0.475544 -1 0.139299 0.450943
970 2111 0.0150686 -1 0.371082 62 0.330371 -1 0.115082 3152 0.238109 1 0.166935 0.46724
971 2047 0.0771692 1 0.380268 2013 0.333999 -1 0.199565 3520 0.22938 1 0.0880977 0.453381
972 2080 0.0103181 -1 0.357105 2663 0.0121753 1 0.056443 1716 0.333075 1 0.217651 0.486975
973 2935 0.067745 1 0.359794 1801 0.0517525 1 0.132305 348 0.308343 1 0.151042 0.463961
974 1727 0.105386 1 0.377577 94 0.225906 1 0.102146 174 0.161358 -1 0.165939 0.502182
975 3230 0.048859 1 0.361969 2714 0.0640798 -1 0.142214 3201 7.53098e-10 -1 0.136197 0.476179
976 3421 0.0342846 1 0.354064 654 0.35764 -1 0.190977 2566 0.208778 1 0.0860747 0.479568
977 2494 0.0295314 -1 0.352996 1950 0.0357303 1 0.150603 4089 0.225611 1 0.121767 0.491316
978 643 0.33565 1 0.360283 622 0.350805 -1 0.110237 2418 0.153509 1 0.153537 0.513223
979 2593 0.0480893 1 0.377448 146 0.283203 -1 0.132095 2688 0.119612 1 0.133225 0.509248
980 2976 0.00840666 -1 0.340845 4020 0.0479976 1 0.0990731 3928 0.182085 1 0.177233 0.481429
981 357 0.278917 1 0.349323 2033 0.0402717 1 0.19071 3117 0.340324 1 0.0789559 0.498159
982 3771 0.0285141 -1 0.36619 1795 0.0441218 1 0.10661 1418 0.359651 -1 0.166488 0.489481
983 199 0.235204 -1 0.363763 573 0.323588 1 0.117941 1049 0.457372 -1 0.118114 0.587216
984 2741 0.024373 -1 0.367285 4082 0.0215688 1 0.13879 2923 0.196181 1 0.145328 0.462065
985 2717 0.0777314 1 0.378454 1407 0.650399 -1 0.0594584 2170 0.112488 1 0.228876 0.451743
986 1276 0.590861 -1 0.364855 1275 0.269523 1 0.216278 2560 0.00083304 -1 0.0655598 0.467681
987 2624 0.1418 1 0.359508 2752 0.11254 -1 0.0334037 3359 0.000851437 -1 0.230796 0.512127
988 3808 0.0305782 -1 0.361124 816 0.31437 1 0.114988 2661 0.136958 1 0.15232 0.504164
989 3965 0.0656165 1 0.353607 1832 0.306852 -1 0.159356 2429 0.0901972 1 0.108798 0.502004
990 4159 0.0312701 -1 0.367067 1792 0.0421809 1 0.140079 3102 0.186583 1 0.149977 0.447556
991 3070 0.0381267 1 0.378249 1279 0.590474 -1 0.159346 2785 0.00239229 -1 0.110889 0.496715
992 4108 0.0780462 1 0.371828 1644 0.718599 -1 0.124328 1473 0.770551 1 0.152395 0.480388
993 1031 0.482212 -1 0.362635 594 0.344986 -1 0.100064 263 0.341298 1 0.172084 0.491877
994 2235 0.0508841 1 0.355615 89 0.205946 1 0.187043 3306 0.148208 1 0.087379 0.486152
995 2111 0.00496446 -1 0.367962 1807 0.0435502 1 0.0593354 1679 0.284083 1 0.225142 0.46118
996 4002 0.072498 1 0.370398 1663 0.545433 -1 0.163422 2687 0.000164148 -1 0.111544 0.484787
997 2588 0.0678878 1 0.3708 2618 0.0880162 -1 0.100575 3613 0.162968 1 0.18183 0.46628
998 1822 0.0401895 1 0.355439 499 0.308568 1 0.241706 2468 0.00343802 -1 0.0356095 0.478908
999 3321 0.132178 1 0.364258 3736 0.080362 -1 0.0828442 3743 0.00104386 -1 0.191979 0.485143
