nWC | f, sP, d, e |  f, sP, d, e | f, sP, d, e | alpha
0 130 0.35697 1 0.31793 303 0.644554 1 0.179864 899 0.243543 1 0.0926898 0.490852
1 799 0.201851 1 0.356302 426 0.0972678 1 0.0759614 206 0.442913 -1 0.236721 0.393804
2 427 0.120224 1 0.365262 578 0.0879234 1 0.253388 633 0.410437 1 0.0624394 0.386506
3 177 0.337138 -1 0.381705 130 0.32665 1 0.140519 603 0.0258296 -1 0.167203 0.405395
4 766 0.181601 1 0.397788 229 0.595693 -1 0.0962347 458 0.261915 1 0.257744 0.300799
5 381 0.166289 1 0.408025 555 0.076459 1 0.20323 390 0.163046 1 0.151387 0.299402
6 242 0.507924 -1 0.420184 220 0.497005 1 0.152386 629 0.021961 -1 0.203754 0.296078
7 509 0.114136 1 0.42464 320 0.793403 -1 0.223261 484 0.212349 1 0.147236 0.265043
8 667 0.144125 1 0.430506 466 0.0484566 1 0.249886 780 0.176373 1 0.132609 0.239486
9 494 0.0533616 -1 0.426485 479 0.0782489 1 0.12515 872 0.0381089 -1 0.252116 0.250586
10 720 0.0470766 -1 0.436012 851 0.0761488 1 0.162385 94 0.317343 -1 0.220222 0.239247
11 789 0.0675502 1 0.438581 800 0.225814 -1 0.308211 872 0.194631 1 0.0716644 0.245039
12 895 0.0456776 -1 0.42817 859 0.0629878 1 0.100904 714 0.00671355 -1 0.281072 0.240585
13 139 0.37337 1 0.435447 137 0.444392 -1 0.192345 396 0.201798 1 0.187321 0.245483
14 137 0.357404 -1 0.44176 228 0.545508 -1 0.189542 441 0.0171465 -1 0.189476 0.246859
15 207 0.528356 1 0.429878 177 0.328073 1 0.165885 143 0.305695 -1 0.206993 0.259945
16 577 0.167919 1 0.43683 775 0.0920357 1 0.156372 573 0.159307 1 0.228076 0.235354
17 843 0.143918 1 0.437515 131 0.372931 1 0.133664 413 0.00622232 -1 0.26302 0.20965
18 310 0.78979 -1 0.428538 251 0.552023 -1 0.316244 291 0.600239 -1 0.0680848 0.235608
19 501 0.180238 1 0.44215 859 0.064832 1 0.0775433 555 0.16931 1 0.318327 0.211352
20 545 0.071075 -1 0.439909 869 0.0679463 1 0.173042 597 0.182593 1 0.226539 0.203606
21 140 0.355558 1 0.447634 664 0.242253 -1 0.304927 179 0.298054 -1 0.100975 0.190467
22 359 0.827135 1 0.435662 767 0.125341 1 0.062664 357 0.860618 1 0.335097 0.207401
23 322 0.784476 -1 0.435295 68 0.280802 -1 0.28175 675 0.0731222 -1 0.111687 0.216444
24 134 0.338965 -1 0.445422 131 0.334262 1 0.151407 89 0.282342 1 0.23852 0.223809
25 691 0.185706 -1 0.448635 699 0.0452852 1 0.33005 303 0.641381 -1 0.074318 0.19365
26 405 0.0147038 -1 0.441471 479 0.0565314 1 0.0514613 711 0.00769404 -1 0.352246 0.195021
27 261 0.502164 1 0.436416 470 0.0695351 1 0.266675 413 0.0133967 -1 0.126649 0.216682
28 153 0.339269 -1 0.445569 47 0.203474 1 0.198447 630 0.0206975 -1 0.202841 0.200049
29 875 0.127676 1 0.44859 777 0.135549 -1 0.231224 634 0.242204 1 0.17591 0.187912
30 768 0.110366 1 0.446186 834 0.0545556 1 0.199708 89 0.171282 -1 0.206946 0.188908
31 848 0.0641048 -1 0.445925 488 0.0832421 1 0.174859 885 0.0579631 -1 0.22087 0.211647
32 432 0.0869906 1 0.44876 291 0.81918 -1 0.233457 431 0.195177 1 0.174556 0.186093
33 818 0.0425146 -1 0.448591 754 0.063288 1 0.17019 476 0.186785 1 0.229211 0.203981
34 898 0.0777892 1 0.443298 895 0.159828 -1 0.280055 267 0.537717 1 0.122571 0.197268
35 273 0.456078 -1 0.438907 149 0.33493 1 0.0623451 296 0.601181 -1 0.346588 0.184189
36 866 0.134704 1 0.448239 382 0.0961968 1 0.224948 875 0.160074 1 0.181179 0.19
37 789 0.136156 1 0.448943 592 0.0471571 1 0.178152 772 0.195168 1 0.224135 0.197972
38 501 0.11487 1 0.447231 311 0.794702 -1 0.196754 600 0.150892 1 0.203303 0.202612
39 846 0.0456804 -1 0.454806 38 0.258661 -1 0.178704 457 0.188277 1 0.229727 0.185228
40 396 0.21491 1 0.45337 685 0.0675701 1 0.0594211 453 0.0289472 -1 0.347297 0.188775
41 229 0.59637 -1 0.428944 486 0.197077 -1 0.399665 331 0.88281 1 0.00556891 0.191852
42 193 0.56346 1 0.436147 199 0.594768 -1 0.0652111 711 0.258653 1 0.324829 0.223573
43 708 0.133216 -1 0.453583 619 0.0234455 1 0.274373 477 0.028567 -1 0.140226 0.172493
44 186 0.505924 -1 0.449801 564 0.0763488 1 0.153902 140 0.410377 1 0.247464 0.199888
45 353 0.557136 -1 0.45268 256 0.496835 1 0.113266 17 0.320008 1 0.294595 0.186409
46 832 0.0522363 1 0.43502 86 0.314954 -1 0.350888 884 0.129154 1 0.0528918 0.19487
47 626 0.0124362 -1 0.442003 807 0.0176958 1 0.0355036 714 0.334432 1 0.379176 0.172326
48 229 0.592778 -1 0.44626 238 0.496939 1 0.408955 478 0.304125 1 0.0117326 0.159975
49 167 0.323458 -1 0.447636 220 0.552462 -1 0.0797466 621 0.000885132 -1 0.333725 0.174816
50 604 0.0517311 1 0.448461 821 0.0364645 1 0.242029 812 0.0284097 -1 0.161769 0.194833
51 693 0.0464393 -1 0.452938 846 0.130075 -1 0.0973216 884 0.178396 1 0.312296 0.182774
52 146 0.336269 1 0.453047 135 0.41718 -1 0.311131 251 0.48535 -1 0.100837 0.177916
53 647 0.236367 1 0.445098 260 0.499457 1 0.0520254 539 0.214565 1 0.360016 0.177767
54 615 0.0346712 1 0.453838 616 0.158201 -1 0.311729 618 0.101605 1 0.10461 0.168911
55 899 0.198229 1 0.448212 888 0.209097 -1 0.104116 872 0.194802 1 0.297211 0.199968
56 872 0.110143 -1 0.442066 537 0.138045 -1 0.26355 854 0.0509245 -1 0.131188 0.21372
57 509 0.164426 1 0.454462 870 0.0534268 1 0.145633 264 0.500446 -1 0.270156 0.170043
58 234 0.500161 1 0.452197 456 0.230615 -1 0.328106 716 0.0255419 -1 0.0906278 0.163986
59 728 0.0115074 -1 0.447355 557 0.0385669 1 0.0554032 656 0.0315106 -1 0.355988 0.179108
60 736 0.0275031 1 0.446024 311 0.861138 -1 0.337824 315 0.544187 -1 0.0770545 0.171917
61 547 0.315171 1 0.443921 677 0.0559455 1 0.0268964 432 0.298257 1 0.389965 0.167835
62 287 0.783387 -1 0.45187 573 0.0602855 1 0.323322 277 0.713084 -1 0.0885108 0.178197
63 278 0.816728 1 0.447539 337 0.841118 -1 0.0779824 629 0.00702016 -1 0.338722 0.168159
64 577 0.0889363 1 0.44781 622 0.0128733 1 0.338358 582 0.182935 1 0.0742577 0.176581
65 853 0.192907 1 0.446123 619 0.055766 1 0.0527769 335 0.647463 -1 0.358 0.180378
66 479 0.143216 1 0.453309 477 0.147337 -1 0.235895 387 0.199366 1 0.175249 0.17962
67 782 0.0732553 -1 0.455144 799 0.0535406 1 0.178725 692 0.072671 -1 0.234587 0.175146
68 709 0.113665 1 0.459606 663 0.194929 -1 0.182773 667 0.243067 1 0.225424 0.185711
69 756 0.0553301 -1 0.456992 784 0.0765159 1 0.128935 446 0.14997 1 0.282036 0.179975
70 447 0.066497 -1 0.455653 367 0.045749 1 0.13059 762 0.186854 1 0.282324 0.175966
71 481 0.0637474 1 0.45742 440 0.0451422 1 0.388962 700 0.261346 1 0.0348416 0.153589
72 531 0.0160801 -1 0.452963 4 0.208551 1 0.0626277 431 0.0165715 -1 0.354002 0.168312
73 308 0.860181 -1 0.444253 166 0.417668 -1 0.393403 194 0.559902 1 0.0220798 0.170673
74 405 0.205838 1 0.447129 676 0.0735403 1 0.0616669 677 0.074297 -1 0.343196 0.192622
75 338 0.717266 1 0.452117 667 0.100634 1 0.286512 329 0.751468 1 0.134048 0.160237
76 312 0.725782 -1 0.460091 676 0.123952 1 0.161292 365 0.297355 1 0.255605 0.167761
77 547 0.0790931 1 0.455482 352 0.778314 -1 0.296985 666 0.0409995 -1 0.11536 0.177139
78 841 0.128186 1 0.44985 572 0.0254201 1 0.183992 873 0.0313952 -1 0.23298 0.167607
79 548 0.078229 -1 0.452405 596 0.0369044 1 0.153042 478 0.175813 1 0.261072 0.173491
80 572 0.104998 1 0.450696 841 0.0456901 1 0.190869 290 0.584584 -1 0.219572 0.181072
81 131 0.379337 1 0.450516 766 0.123278 1 0.178534 585 0.0315909 -1 0.22447 0.196482
82 671 0.133264 -1 0.446024 753 0.0321124 1 0.273577 310 0.702676 -1 0.132079 0.190976
83 600 0.203775 1 0.446991 38 0.245271 -1 0.0523822 809 0.299192 1 0.359176 0.178763
84 1 0.296326 -1 0.44946 197 0.568474 -1 0.343267 233 0.477512 -1 0.0624388 0.190874
85 256 0.554982 1 0.444922 49 0.244061 -1 0.0867797 50 0.239463 1 0.306811 0.216122
86 805 0.0191184 -1 0.447175 808 0.0455782 1 0.0550858 648 0.00675679 -1 0.363814 0.163646
87 48 0.254519 -1 0.439648 64 0.119807 1 0.311428 439 0.234502 1 0.0951248 0.189117
88 480 0.20892 1 0.452367 495 0.12574 -1 0.0987986 813 0.0301986 -1 0.315424 0.173268
89 858 0.130172 1 0.454908 467 0.0870499 1 0.174247 555 0.225687 1 0.240399 0.172396
90 822 0.0551593 1 0.449457 308 0.792356 -1 0.297605 756 0.0338009 -1 0.117794 0.170846
91 567 0.179291 1 0.456055 549 0.270406 -1 0.100836 809 0.0423418 -1 0.31926 0.16119
92 799 0.0847192 1 0.446621 350 0.813482 -1 0.30527 780 0.13482 1 0.102916 0.185736
93 651 0.125139 1 0.457951 676 0.144593 1 0.089835 674 0.292714 1 0.336752 0.147895
94 140 0.342466 1 0.445521 499 0.0624937 1 0.351888 170 0.291653 -1 0.0573909 0.183474
95 543 0.0288711 -1 0.448661 646 0.06202 1 0.0913658 629 0.00765601 -1 0.322438 0.174131
96 118 0.359806 -1 0.449115 218 0.557378 -1 0.254888 213 0.553104 1 0.149794 0.192997
97 881 0.228544 1 0.447493 376 0.057634 1 0.0402134 630 0.26115 1 0.382883 0.155037
98 210 0.506718 1 0.454517 887 0.139286 -1 0.339409 333 0.805893 1 0.0751117 0.172655
99 636 0.0573578 -1 0.457175 417 0.0920413 1 0.131307 351 0.794542 1 0.290678 0.157314
100 333 0.717226 -1 0.456545 842 0.0672173 1 0.248942 25 0.279298 1 0.161226 0.181636
101 859 0.0913732 -1 0.458156 868 0.0577089 1 0.160951 498 0.0600804 -1 0.250394 0.179204
102 489 0.132622 1 0.451314 328 0.768458 -1 0.189256 503 0.129159 1 0.221899 0.179595
103 359 0.634528 1 0.45398 309 0.694921 1 0.309508 434 0.306231 1 0.106309 0.169983
104 332 0.61828 -1 0.451868 35 0.254839 -1 0.111921 494 0.022591 -1 0.299673 0.17869
105 103 0.417819 -1 0.448663 673 0.264866 -1 0.417275 455 0.0333026 -1 0.00865103 0.149246
106 402 0.0407651 -1 0.448509 316 0.693822 1 0.0603579 845 0.216538 1 0.352723 0.175621
107 648 0.251079 -1 0.44935 676 0.0625197 1 0.372507 546 0.228817 1 0.044619 0.167291
108 830 0.0114523 -1 0.448128 220 0.500352 1 0.0151516 278 0.851854 1 0.405369 0.160319
109 835 0.124827 -1 0.450904 421 0.0180763 1 0.322652 494 0.186263 1 0.0913512 0.17372
110 541 0.0983845 1 0.457916 370 0.067481 1 0.146389 791 0.167276 1 0.264186 0.180794
111 495 0.0486621 -1 0.460919 140 0.343241 1 0.186548 711 0.186405 1 0.230438 0.16758
112 206 0.503184 -1 0.457093 763 0.0434005 1 0.140517 579 0.0675962 -1 0.275959 0.168629
113 236 0.510562 1 0.456113 568 0.0984543 1 0.3094 174 0.296771 -1 0.107822 0.167093
114 414 0.148065 1 0.448815 413 0.173056 -1 0.113747 634 0.00677313 -1 0.296951 0.180541
115 272 0.72478 -1 0.452444 835 0.0368587 1 0.256029 603 0.101911 1 0.15348 0.182998
116 315 0.593297 -1 0.455607 270 0.168089 1 0.0987436 135 0.304216 -1 0.322842 0.158134
117 139 0.350325 1 0.450384 230 0.517442 1 0.3217 52 0.193682 -1 0.0843536 0.190151
118 891 0.16497 1 0.444445 705 0.0605045 1 0.0482511 413 0.0174658 -1 0.360229 0.185125
119 691 0.154352 -1 0.452748 830 0.144513 -1 0.280724 546 0.211735 1 0.133928 0.172383
120 426 0.177906 1 0.456701 307 0.66906 1 0.223326 334 0.407835 -1 0.183201 0.189171
121 634 0.135192 1 0.454262 480 0.0650549 1 0.134236 899 0.159608 1 0.282903 0.167265
122 317 0.71157 -1 0.455484 229 0.552748 -1 0.149646 457 0.173372 1 0.260663 0.181343
123 765 0.145318 1 0.455709 757 0.182899 -1 0.135989 469 0.0844048 -1 0.279515 0.17063
124 147 0.400304 1 0.451727 166 0.41577 -1 0.0678342 446 0.023699 -1 0.34185 0.182635
125 514 0.0275996 1 0.448459 319 0.8493 -1 0.342652 867 0.250182 1 0.0722133 0.171944
126 357 0.852936 1 0.452859 655 0.17623 -1 0.0357574 647 0.179214 1 0.391789 0.145936
127 49 0.199896 1 0.453646 319 0.609712 1 0.269028 760 0.0412232 -1 0.139011 0.186039
128 7 0.199729 -1 0.449174 708 0.15063 -1 0.146073 53 0.204487 -1 0.266803 0.176044
129 44 0.26637 1 0.454282 391 0.102346 1 0.0828954 305 0.632093 -1 0.322529 0.191457
130 512 0.121352 1 0.45576 858 0.0774598 1 0.134002 341 0.767554 1 0.281159 0.171335
131 350 0.756782 -1 0.437956 753 0.0626232 1 0.282514 349 0.707333 -1 0.116282 0.205243
132 332 0.571027 -1 0.45937 339 0.610618 1 0.0875228 315 0.849019 1 0.338527 0.148993
133 482 0.044022 1 0.455491 328 0.830983 -1 0.405081 272 0.429627 -1 0.0202243 0.150517
134 359 0.790428 1 0.445848 609 0.0963862 -1 0.115682 592 0.195461 1 0.294443 0.181724
135 677 0.142377 1 0.454651 778 0.0375516 1 0.227428 699 0.169477 1 0.185428 0.176085
136 632 0.0906573 -1 0.452538 121 0.340606 1 0.227351 365 0.188301 1 0.185054 0.177016
137 852 0.168587 1 0.447505 33 0.229405 -1 0.086251 818 0.184113 1 0.329796 0.16951
138 127 0.401135 -1 0.451393 83 0.33835 -1 0.382428 539 0.268394 1 0.0400372 0.15633
139 276 0.495723 -1 0.444082 287 0.530339 1 0.043575 454 0.0301302 -1 0.373378 0.167648
140 470 0.148676 1 0.453697 23 0.260225 -1 0.196591 132 0.354299 -1 0.20767 0.19387
141 91 0.383219 1 0.451743 164 0.370609 1 0.0653093 134 0.391827 1 0.351215 0.168529
142 125 0.351045 -1 0.444178 214 0.546959 -1 0.235326 26 0.233933 1 0.157155 0.218448
143 476 0.264176 1 0.450087 458 0.230024 -1 0.0297169 45 0.158409 -1 0.392207 0.15744
144 131 0.359205 1 0.452007 229 0.600656 -1 0.276643 99 0.31999 -1 0.128625 0.191782
145 369 0.259326 1 0.44169 54 0.20378 1 0.0692536 728 0.0115074 -1 0.341552 0.180319
146 310 0.742471 -1 0.452925 603 0.136573 -1 0.259475 744 0.0681999 -1 0.145624 0.192133
147 323 0.830481 1 0.446216 510 0.103114 1 0.0414718 872 0.213982 1 0.37187 0.175084
148 646 0.0651114 1 0.448216 600 0.0456028 1 0.295762 867 0.220393 1 0.115485 0.179405
149 508 0.130211 1 0.456124 564 0.121701 1 0.19977 830 0.0114523 -1 0.217224 0.167563
150 180 0.503164 1 0.449765 833 0.0770119 1 0.284128 302 0.629897 -1 0.114558 0.205471
151 173 0.33001 -1 0.452553 147 0.308479 1 0.153917 386 0.183155 1 0.257897 0.178236
152 779 0.113982 1 0.460399 508 0.053052 1 0.140453 254 0.561397 1 0.279359 0.161772
153 343 0.77433 -1 0.454086 520 0.0316849 1 0.334122 387 0.346707 1 0.0812119 0.17098
154 717 0.0543564 -1 0.450648 718 0.0346428 1 0.119538 295 0.59133 -1 0.296523 0.169482
155 483 0.0542984 1 0.455534 21 0.133678 1 0.361377 864 0.028453 -1 0.0621738 0.154107
156 402 0.0546779 -1 0.442611 473 0.0597717 1 0.101851 458 0.379541 1 0.311289 0.1755
157 479 0.120788 1 0.460433 851 0.112775 1 0.297115 834 0.218521 1 0.126156 0.15468
158 260 0.570062 -1 0.448938 325 0.832768 -1 0.390611 72 0.299163 1 0.0271242 0.166038
159 334 0.760988 1 0.452279 538 0.0684932 -1 0.123675 515 0.0114763 -1 0.294079 0.166
160 822 0.131167 -1 0.457525 301 0.82255 -1 0.334668 499 0.155434 1 0.0870028 0.157959
161 670 0.114702 1 0.45385 232 0.537775 -1 0.154877 577 0.179515 1 0.257024 0.178056
162 484 0.157375 1 0.455273 631 0.0510032 1 0.100598 565 0.193092 1 0.315879 0.168627
163 845 0.134454 1 0.456028 47 0.257313 -1 0.090654 383 0.261205 1 0.33247 0.154982
164 775 0.0796711 1 0.447921 87 0.277798 -1 0.347738 735 0.0918298 1 0.0650595 0.176206
165 87 0.261222 1 0.443604 477 0.127301 -1 0.113847 624 0.0132735 -1 0.297081 0.180065
166 131 0.340719 1 0.452928 875 0.0530825 1 0.363801 849 0.0579492 -1 0.0502296 0.173665
167 143 0.32196 -1 0.438963 222 0.517935 -1 0.0692204 753 0.184893 1 0.339889 0.183824
168 681 0.126639 -1 0.452639 464 0.174126 -1 0.234962 676 0.131651 -1 0.174272 0.183566
169 798 0.149111 1 0.456176 872 0.116673 -1 0.166443 485 0.230609 1 0.238836 0.191757
170 806 0.0892676 -1 0.445672 558 0.184998 -1 0.222883 414 0.0190928 -1 0.192303 0.171284
171 716 0.111011 1 0.455289 64 0.260711 -1 0.174515 81 0.168485 -1 0.240597 0.171438
172 54 0.197473 1 0.446806 868 0.0530576 1 0.290128 392 0.0885037 -1 0.116821 0.188297
173 535 0.193882 1 0.4497 516 0.202018 -1 0.0390613 306 0.850705 1 0.383467 0.156201
174 494 0.122164 -1 0.451334 564 0.0451304 1 0.285189 834 0.159667 1 0.122242 0.187299
175 809 0.0588443 -1 0.451381 889 0.0490142 1 0.112945 422 0.0145949 -1 0.298953 0.178061
176 412 0.0289088 1 0.450646 470 0.0538151 1 0.366524 170 0.372699 1 0.0528854 0.162599
177 539 0.00914691 -1 0.446117 646 0.119662 1 0.035421 2 0.189682 -1 0.38322 0.164177
178 590 0.141006 1 0.45604 491 0.129111 -1 0.136817 53 0.288021 1 0.279134 0.169708
179 420 0.0424184 1 0.448992 448 0.248663 -1 0.383424 127 0.314763 -1 0.0350903 0.164438
180 636 0.0276102 -1 0.451103 646 0.0164893 1 0.0501547 759 0.0379967 -1 0.363744 0.173936
181 31 0.164169 1 0.451788 767 0.0814431 1 0.373319 310 0.587212 -1 0.0452001 0.164428
182 483 0.139463 1 0.456962 136 0.328133 1 0.118355 363 0.0716921 -1 0.292078 0.181087
183 373 0.191584 1 0.454549 367 0.264484 -1 0.155242 405 0.202724 1 0.258626 0.173999
184 898 0.116651 1 0.454705 513 0.0487819 1 0.216029 269 0.529928 1 0.197375 0.174956
185 136 0.354992 -1 0.453528 227 0.545157 -1 0.222817 360 0.0106126 -1 0.182844 0.190967
186 148 0.354081 1 0.440602 134 0.364849 -1 0.286929 143 0.363446 1 0.120113 0.188104
187 111 0.357287 1 0.450041 171 0.322106 1 0.194 161 0.303975 -1 0.219036 0.175714
188 577 0.117075 1 0.453776 743 0.141389 -1 0.289216 559 0.146563 1 0.125559 0.17213
189 629 0.0312041 -1 0.451002 377 0.0451304 1 0.131528 621 0.0115466 -1 0.282869 0.172908
190 718 0.058772 1 0.45854 726 0.0583249 -1 0.298992 468 0.0423665 -1 0.1199 0.163662
191 733 0.0676363 1 0.444419 229 0.550478 -1 0.190034 745 0.155804 1 0.218594 0.18482
192 230 0.508696 1 0.437539 401 0.308308 -1 0.344108 161 0.319196 -1 0.065064 0.183695
193 650 0.0290265 -1 0.441406 263 0.544296 -1 0.0577543 200 0.567604 1 0.350893 0.18478
194 191 0.514611 -1 0.455329 243 0.477112 1 0.167448 832 0.181956 1 0.236222 0.195099
195 415 0.11664 -1 0.45507 487 0.0339841 1 0.261131 498 0.0550763 -1 0.155605 0.168093
196 509 0.164963 1 0.45691 894 0.107515 -1 0.154794 499 0.151635 1 0.263799 0.164275
197 645 0.0958509 1 0.457923 207 0.499579 1 0.223268 487 0.0820094 -1 0.192062 0.170987
198 306 0.676161 -1 0.456516 732 0.133833 -1 0.171319 285 0.807264 1 0.250214 0.15824
199 893 0.0959367 1 0.457351 325 0.703007 1 0.168544 725 0.115338 1 0.250713 0.162912
200 807 0.152571 1 0.464107 39 0.266314 -1 0.147542 783 0.0274303 -1 0.27626 0.153591
201 295 0.780113 -1 0.456796 833 0.156332 -1 0.309044 876 0.211764 1 0.108155 0.167142
202 842 0.161514 1 0.459583 806 0.174176 -1 0.129987 762 0.115557 1 0.289326 0.162797
203 763 0.0913224 -1 0.453354 597 0.0912646 -1 0.173875 744 0.043382 -1 0.230437 0.193766
204 613 0.0524415 1 0.4569 359 0.604921 1 0.255274 845 0.15406 1 0.163079 0.164768
205 648 0.0689257 -1 0.460771 786 0.114322 -1 0.156799 215 0.498242 -1 0.264256 0.159222
206 243 0.536382 1 0.457503 244 0.597066 -1 0.164519 50 0.228776 1 0.252472 0.16757
207 405 0.0147038 -1 0.439592 49 0.23726 -1 0.0581278 706 0.295323 1 0.350254 0.18533
208 874 0.0673461 1 0.450648 676 0.0760809 1 0.323507 696 0.0424632 -1 0.0938671 0.166781
209 396 0.145097 1 0.456432 703 0.0518278 1 0.109693 714 0.00745809 -1 0.302687 0.177069
210 342 0.815438 -1 0.452666 837 0.093316 -1 0.374527 288 0.886896 1 0.0462078 0.159878
211 838 0.0666779 1 0.458586 506 0.115699 -1 0.160077 414 0.0190832 -1 0.255336 0.170815
212 405 0.0560919 1 0.461229 397 0.118797 -1 0.241194 478 0.152342 1 0.170587 0.178303
213 340 0.761138 -1 0.46296 4 0.278521 -1 0.277193 366 0.0518263 -1 0.138323 0.170602
214 6 0.261404 1 0.452946 43 0.277073 -1 0.118175 356 0.540262 -1 0.291851 0.181929
215 357 0.694798 1 0.455356 681 0.215096 -1 0.230888 359 0.771328 1 0.184661 0.170537
216 387 0.149201 1 0.460121 623 0.148005 -1 0.130417 705 0.194028 1 0.291515 0.157423
217 792 0.18567 -1 0.45341 138 0.32818 1 0.383124 36 0.255375 1 0.0319095 0.171598
218 531 0.211585 1 0.440759 534 0.208926 -1 0.0237503 291 0.502113 -1 0.393493 0.16705
219 655 0.040305 1 0.448557 392 0.0504711 1 0.374451 126 0.322044 -1 0.0463408 0.159762
220 107 0.385307 1 0.449569 105 0.422708 -1 0.06709 95 0.400506 1 0.345205 0.177242
221 105 0.351896 -1 0.441848 640 0.0462374 1 0.23151 674 0.230443 1 0.16878 0.202128
222 632 0.122659 -1 0.451073 144 0.414769 -1 0.27804 543 0.0532767 -1 0.140416 0.164557
223 458 0.192327 1 0.455626 841 0.0610371 1 0.10235 476 0.145425 1 0.305575 0.186275
224 476 0.0521395 -1 0.439758 655 0.23612 -1 0.0931711 323 0.653861 -1 0.31308 0.189742
225 809 0.0929889 -1 0.455935 322 0.651921 1 0.190694 881 0.0585265 -1 0.219873 0.18081
226 890 0.0919029 1 0.4552 727 0.0273605 1 0.254743 854 0.111913 1 0.158575 0.175132
227 666 0.206906 1 0.452919 693 0.233871 -1 0.14477 818 0.0113148 -1 0.261721 0.189245
228 798 0.0821556 1 0.460846 419 0.0746414 1 0.305546 555 0.116629 1 0.113089 0.164188
229 420 0.0771589 -1 0.446704 801 0.109615 -1 0.13105 548 0.0197529 -1 0.276074 0.187935
230 430 0.059673 1 0.460571 454 0.0987872 -1 0.321291 153 0.325425 -1 0.102037 0.154564
231 456 0.108144 1 0.449777 736 0.0215509 1 0.19638 724 0.022294 -1 0.211086 0.187224
232 130 0.37891 1 0.451608 470 0.1071 1 0.182623 353 0.531195 -1 0.219712 0.197873
233 802 0.0817089 1 0.45076 440 0.0292156 1 0.164904 584 0.0427245 -1 0.248557 0.174838
234 501 0.135886 1 0.458997 545 0.14181 -1 0.170055 518 0.175391 1 0.245912 0.169677
235 646 0.0964898 1 0.454081 413 0.165271 -1 0.227362 633 0.169099 1 0.186811 0.17337
236 693 0.0476732 -1 0.456627 683 0.0487938 1 0.10073 636 0.0439262 -1 0.317364 0.1653
237 547 0.0629331 1 0.456217 286 0.796946 -1 0.333146 522 0.119349 1 0.0862462 0.162634
238 303 0.748975 1 0.455453 180 0.503597 1 0.242348 351 0.834138 1 0.173012 0.170926
239 118 0.359819 -1 0.454652 714 0.0501305 1 0.270749 713 0.0236588 -1 0.145805 0.168469
240 311 0.730975 -1 0.459931 410 0.097425 1 0.201277 735 0.0311887 -1 0.212078 0.175056
241 592 0.0571498 1 0.461311 270 0.188871 1 0.364288 580 0.114743 1 0.0618525 0.148808
242 720 0.00244573 -1 0.439011 270 0.0972192 1 0.0105141 629 0.00460764 -1 0.407398 0.165675
243 779 0.0271767 1 0.454544 312 0.885956 -1 0.415726 357 0.781702 1 0.0115773 0.146432
244 89 0.140163 -1 0.445058 268 0.547175 -1 0.0335305 395 0.00518903 -1 0.385794 0.162773
245 149 0.336524 1 0.455061 65 0.141319 1 0.3599 364 0.151292 1 0.0593902 0.162844
246 871 0.152894 1 0.446565 422 0.15167 1 0.0863842 323 0.838341 1 0.327398 0.174176
247 152 0.349721 -1 0.453124 52 0.249255 -1 0.239884 62 0.271636 1 0.164715 0.193169
248 322 0.7702 -1 0.456514 667 0.0796006 1 0.280418 15 0.187179 -1 0.140134 0.160253
249 281 0.611594 -1 0.455776 376 0.0397082 1 0.138276 503 0.202785 1 0.276734 0.171648
250 565 0.128603 1 0.452267 493 0.138987 -1 0.197372 92 0.365896 1 0.204753 0.19831
251 789 0.153534 1 0.4594 842 0.089112 1 0.146005 351 0.631659 -1 0.275758 0.15777
252 435 0.197031 1 0.45251 664 0.202193 -1 0.152932 656 0.0201564 -1 0.258649 0.178717
253 280 0.639222 1 0.460084 643 0.0281583 1 0.249419 745 0.124316 1 0.164241 0.174427
254 204 0.517778 -1 0.455258 51 0.201333 1 0.183936 563 0.0615925 -1 0.227985 0.178015
255 49 0.232507 -1 0.458043 442 0.218515 -1 0.258361 331 0.81823 1 0.155806 0.173383
256 332 0.568029 -1 0.454949 505 0.097398 -1 0.0842779 480 0.27398 1 0.337644 0.157445
257 335 0.776887 -1 0.454379 672 0.0412608 1 0.300888 53 0.256635 1 0.117291 0.165126
258 441 0.360725 1 0.455241 565 0.128331 1 0.0257779 871 0.152894 1 0.403086 0.143244
259 277 0.670216 1 0.457518 307 0.627662 1 0.274968 278 0.739672 1 0.142819 0.165931
260 286 0.672892 -1 0.455282 326 0.807889 -1 0.143141 457 0.0624749 -1 0.278023 0.158998
261 740 0.0998965 -1 0.460867 393 0.175285 -1 0.352694 348 0.888388 1 0.0747572 0.14613
262 402 0.132191 1 0.451937 127 0.367889 -1 0.134052 163 0.389981 1 0.283496 0.166424
263 467 0.0626628 1 0.456632 545 0.19841 -1 0.320477 554 0.147275 1 0.0903624 0.180247
264 683 0.29685 1 0.449375 718 0.267078 -1 0.0408832 711 0.261201 1 0.377073 0.165584
265 808 0.0869884 1 0.459063 350 0.746024 -1 0.273254 558 0.0644699 -1 0.141659 0.171844
266 31 0.210389 1 0.46203 130 0.350472 1 0.244067 436 0.262362 1 0.169325 0.17498
267 899 0.140819 1 0.459179 392 0.105907 1 0.169542 138 0.349873 -1 0.250879 0.160523
268 18 0.208755 -1 0.458872 507 0.0426478 1 0.151837 867 0.215595 1 0.255142 0.188233
269 619 0.0654195 1 0.461681 43 0.266396 -1 0.197128 555 0.151157 1 0.223102 0.160914
270 590 0.17113 1 0.454053 71 0.276922 -1 0.0808838 89 0.296768 1 0.336037 0.167714
271 139 0.36514 1 0.455862 228 0.594469 -1 0.255604 161 0.364715 1 0.151913 0.187121
272 137 0.362352 -1 0.450505 228 0.553147 -1 0.220233 808 0.210987 1 0.185742 0.190313
273 248 0.566335 1 0.451021 140 0.3997 1 0.051768 289 0.529208 -1 0.363695 0.170714
274 280 0.458288 1 0.455225 319 0.821136 -1 0.358094 649 0.027296 -1 0.0627125 0.159732
275 675 0.289091 1 0.450723 865 0.0959907 1 0.0707483 458 0.21542 1 0.340709 0.178972
276 548 0.0971242 -1 0.454895 104 0.359979 -1 0.182957 396 0.0157239 -1 0.227513 0.181013
277 118 0.333329 1 0.448374 231 0.51152 1 0.270908 206 0.485953 -1 0.11667 0.228753
278 648 0.0515963 -1 0.450784 646 0.0507785 1 0.122244 405 0.203663 1 0.292264 0.172679
279 775 0.132231 1 0.455716 848 0.0931418 -1 0.228598 758 0.14325 1 0.185986 0.172524
280 640 0.0425066 1 0.461651 867 0.0746775 1 0.329003 840 0.0280574 -1 0.0916719 0.160002
281 630 0.0275178 -1 0.448934 601 0.0530804 1 0.0865011 371 0.289767 1 0.330472 0.167605
282 159 0.394881 -1 0.458559 73 0.283829 -1 0.377312 27 0.315492 1 0.0478266 0.150856
283 533 0.0313828 -1 0.454741 738 0.0744201 -1 0.0903575 57 0.277326 1 0.327347 0.166101
284 39 0.267781 -1 0.451709 19 0.128376 1 0.363822 275 0.772012 1 0.0542494 0.165347
285 362 0.0183246 -1 0.44383 230 0.512264 1 0.036075 547 0.315171 1 0.377371 0.174869
286 451 0.0354037 1 0.455514 514 0.027249 1 0.32741 850 0.111777 1 0.0884202 0.169958
287 499 0.177526 1 0.453967 774 0.0647598 1 0.0684593 468 0.0312934 -1 0.349065 0.166472
288 762 0.0929539 1 0.457219 691 0.16387 -1 0.253695 810 0.0403656 -1 0.163122 0.167927
289 413 0.0495498 -1 0.451671 619 0.0258395 1 0.133024 576 0.147546 1 0.277038 0.181855
290 837 0.0651605 1 0.456369 831 0.129636 -1 0.170291 605 0.0367645 -1 0.244604 0.171883
291 790 0.141338 1 0.451627 863 0.115468 -1 0.169998 719 0.361154 1 0.24631 0.168974
292 385 0.121694 1 0.457017 41 0.17112 1 0.173678 607 0.0864696 1 0.24002 0.17435
293 446 0.153655 1 0.455974 525 0.144489 -1 0.160027 476 0.0312126 -1 0.262331 0.156551
294 873 0.0836956 -1 0.458561 293 0.866748 -1 0.231094 501 0.175344 1 0.189771 0.159612
295 634 0.130846 1 0.456198 648 0.247917 -1 0.140434 531 0.194557 1 0.281415 0.157595
296 822 0.0641242 1 0.457821 731 0.0887151 -1 0.258126 561 0.0381593 -1 0.159927 0.165386
297 229 0.599783 -1 0.456165 2 0.335846 -1 0.427971 556 0.361043 1 0.002697 0.139562
298 728 0.0111148 -1 0.442023 303 0.684013 1 0.0524154 629 0.00458943 -1 0.360525 0.175912
299 556 0.0820252 1 0.454643 619 0.0254987 1 0.321337 670 0.105406 1 0.090667 0.177843
300 719 0.0497989 -1 0.453159 290 0.737475 -1 0.132302 774 0.217473 1 0.281802 0.173513
301 480 0.123195 1 0.460909 468 0.15046 -1 0.294387 645 0.0537747 -1 0.124327 0.164028
302 339 0.769573 1 0.459256 474 0.0596417 1 0.185341 171 0.379884 1 0.237206 0.156164
303 345 0.668491 -1 0.456657 263 0.545533 -1 0.174329 329 0.680804 -1 0.241018 0.170952
304 732 0.0429967 1 0.455063 318 0.612232 1 0.270777 727 0.0907193 1 0.149677 0.160455
305 470 0.168654 1 0.454053 412 0.0308864 1 0.16528 693 0.0229892 -1 0.255367 0.160058
306 726 0.0545102 -1 0.458899 637 0.041408 1 0.211728 845 0.206861 1 0.202519 0.173217
307 703 0.0439387 1 0.456024 340 0.829168 -1 0.330092 431 0.0290336 -1 0.093929 0.153144
308 636 0.0335186 -1 0.454753 646 0.0165089 1 0.0678036 548 0.0503293 -1 0.343909 0.178445
309 557 0.0855754 1 0.451138 238 0.496939 1 0.279965 332 0.605246 -1 0.138284 0.164983
310 174 0.32191 -1 0.45423 808 0.0684958 1 0.101389 630 0.305357 1 0.310152 0.1788
311 131 0.340719 1 0.448096 850 0.0676084 1 0.361539 157 0.344174 1 0.0524201 0.173811
312 848 0.0593327 -1 0.452628 770 0.0506305 1 0.174049 720 0.00345137 -1 0.236846 0.180134
313 856 0.0466964 1 0.457007 568 0.0957984 1 0.338234 652 0.204677 1 0.0837053 0.157409
314 899 0.192 1 0.452637 666 0.251262 -1 0.107671 881 0.214577 1 0.306921 0.172505
315 889 0.129984 -1 0.453969 234 0.486758 1 0.229279 251 0.492878 -1 0.172663 0.198691
316 621 0.0489475 -1 0.455824 81 0.356126 -1 0.170712 713 0.0563201 -1 0.240532 0.179412
317 622 0.0717361 1 0.451285 595 0.129793 -1 0.198938 540 0.0052953 -1 0.215939 0.171921
318 888 0.106406 1 0.454353 802 0.0295185 1 0.219207 296 0.551764 -1 0.195566 0.172134
319 792 0.0534762 -1 0.454187 554 0.118563 -1 0.150615 447 0.0305306 -1 0.255962 0.189067
320 376 0.0390623 1 0.452705 139 0.474274 -1 0.366251 717 0.0541006 -1 0.0523518 0.164256
321 564 0.238687 1 0.442449 583 0.121501 -1 0.056272 548 0.358758 1 0.358293 0.172563
322 519 0.0308214 1 0.447911 338 0.884703 -1 0.403154 510 0.0832229 1 0.0179702 0.159081
323 638 0.0150795 -1 0.449606 426 0.165176 1 0.0340172 341 0.883302 1 0.389647 0.153875
324 496 0.14974 -1 0.44936 229 0.595473 -1 0.399073 707 0.0489466 -1 0.0206319 0.161993
325 647 0.197135 1 0.445337 206 0.494238 1 0.0804638 899 0.409088 1 0.336046 0.168559
326 664 0.186083 -1 0.460713 425 0.0632838 1 0.342625 467 0.126096 1 0.0802226 0.155547
327 402 0.0437424 -1 0.451905 572 0.0482757 1 0.0760863 416 0.0406155 -1 0.341861 0.165602
328 531 0.0629506 -1 0.45986 228 0.521358 1 0.217608 9 0.176485 -1 0.196603 0.173292
329 219 0.53168 -1 0.453433 28 0.186301 1 0.177403 139 0.410312 1 0.212922 0.222973
330 128 0.413278 -1 0.458706 672 0.156972 -1 0.389674 512 0.213738 1 0.0389901 0.143652
331 789 0.150632 1 0.455096 251 0.537139 -1 0.154975 768 0.040737 -1 0.262225 0.167139
332 417 0.114959 1 0.460225 766 0.075649 1 0.302362 89 0.165482 -1 0.11177 0.173454
333 200 0.555899 1 0.454888 176 0.346802 1 0.0948032 152 0.32251 -1 0.316599 0.179086
334 265 0.50282 1 0.459906 229 0.557514 -1 0.293872 143 0.388979 1 0.124197 0.165354
335 130 0.366018 1 0.461222 97 0.409669 -1 0.257081 849 0.0549376 -1 0.152025 0.183831
336 894 0.0368064 -1 0.443954 842 0.0916159 1 0.096719 621 0.00936852 -1 0.315359 0.17769
337 672 0.0872241 1 0.454274 309 0.863897 -1 0.28879 509 0.198503 1 0.13078 0.16227
338 701 0.0304249 -1 0.454126 9 0.289088 -1 0.0479179 36 0.286972 1 0.376111 0.153129
339 28 0.280516 -1 0.459121 103 0.413347 -1 0.36039 188 0.480894 -1 0.0634961 0.15342
340 650 0.0252214 -1 0.444734 586 0.0449369 1 0.0533321 248 0.565753 1 0.363272 0.168365
341 136 0.359756 -1 0.452792 328 0.836169 -1 0.259162 860 0.149705 1 0.160008 0.163092
342 592 0.185552 1 0.458573 750 0.0491329 1 0.08482 365 0.0312061 -1 0.334625 0.162526
343 460 0.0373296 1 0.452865 555 0.0313462 1 0.356831 509 0.202749 1 0.063686 0.160326
344 387 0.0060922 -1 0.45285 130 0.350623 1 0.0197592 357 0.876887 1 0.410887 0.139608
345 867 0.070792 1 0.454129 889 0.052524 1 0.38117 884 0.0818487 1 0.0402999 0.15837
346 881 0.0322164 -1 0.447836 757 0.0613138 1 0.0608735 809 0.0317007 -1 0.352127 0.175787
347 374 0.0947264 1 0.457735 193 0.593864 -1 0.296992 391 0.203145 1 0.127358 0.152472
348 756 0.0337891 -1 0.455204 473 0.14064 -1 0.0713153 555 0.18188 1 0.349716 0.15927
349 229 0.527521 1 0.460124 98 0.324788 1 0.281587 811 0.14514 1 0.14402 0.149899
350 258 0.509151 -1 0.445531 104 0.354623 -1 0.157974 308 0.630933 -1 0.245983 0.194502
351 111 0.360112 1 0.454891 800 0.0841373 1 0.185746 410 0.0596442 -1 0.231009 0.168054
352 399 0.0806428 1 0.459005 398 0.123917 -1 0.314478 858 0.130469 1 0.105465 0.161503
353 758 0.076441 -1 0.459458 785 0.0565182 1 0.148479 417 0.191004 1 0.26529 0.174204
354 778 0.0923483 1 0.458805 49 0.199881 1 0.184938 813 0.0300434 -1 0.223434 0.185349
355 199 0.505288 1 0.458854 300 0.655865 1 0.299148 300 0.675756 -1 0.11949 0.164183
356 638 0.0535174 -1 0.456414 850 0.0649985 1 0.132669 503 0.194585 1 0.284385 0.16744
357 646 0.0651594 1 0.455868 311 0.828611 -1 0.305361 801 0.0064465 -1 0.119505 0.151414
358 635 0.0492599 -1 0.452484 613 0.0556581 1 0.134743 818 0.158563 1 0.284138 0.163686
359 176 0.36363 -1 0.453779 469 0.221496 -1 0.290145 102 0.392574 1 0.118466 0.184854
360 44 0.174227 -1 0.455622 756 0.140785 -1 0.106848 176 0.39996 1 0.311983 0.163788
361 303 0.746181 1 0.462447 124 0.404514 -1 0.247483 710 0.146721 1 0.178461 0.14921
362 458 0.173011 1 0.456672 455 0.095547 -1 0.130269 467 0.196663 1 0.283885 0.173408
363 166 0.414162 -1 0.447227 77 0.309745 -1 0.40519 121 0.370713 -1 0.0149023 0.161196
364 170 0.389493 1 0.44435 177 0.427446 -1 0.0552096 853 0.227689 1 0.351129 0.189561
365 116 0.345521 -1 0.447475 411 0.164483 -1 0.222866 410 0.152634 1 0.173007 0.211346
366 766 0.206239 1 0.455021 30 0.233309 -1 0.0837612 589 0.162054 1 0.336023 0.16183
367 131 0.34154 1 0.454034 792 0.181473 -1 0.357484 107 0.292054 -1 0.0604073 0.165717
368 8 0.272752 1 0.444228 417 0.22162 -1 0.100111 743 0.0297702 -1 0.315243 0.170937
369 310 0.740709 -1 0.456673 789 0.0477586 1 0.263258 717 0.0335064 -1 0.158794 0.157177
370 535 0.0490985 -1 0.461482 28 0.180152 1 0.129305 2 0.188739 -1 0.295107 0.152345
371 30 0.21801 1 0.462288 480 0.0972417 1 0.238047 845 0.136496 1 0.183494 0.158226
372 675 0.278326 1 0.458138 802 0.104885 -1 0.0802974 802 0.107009 1 0.33793 0.165028
373 794 0.10476 -1 0.452829 510 0.0426864 1 0.27655 621 0.00353519 -1 0.137749 0.173111
374 539 0.0107117 -1 0.455938 838 0.0174785 1 0.046752 697 0.144948 1 0.381182 0.145142
375 437 0.0988756 1 0.458178 718 0.0287927 1 0.284663 508 0.163884 1 0.136208 0.159601
376 719 0.0612158 -1 0.452966 499 0.0518015 1 0.151366 594 0.0324929 -1 0.261771 0.175507
377 716 0.094589 1 0.456778 668 0.12887 1 0.200094 638 0.297805 1 0.21732 0.1667
378 389 0.11676 1 0.457259 577 0.0864112 1 0.22011 899 0.208308 1 0.19704 0.167241
379 304 0.668879 -1 0.458314 547 0.0886921 1 0.122342 336 0.677618 -1 0.298129 0.160419
380 825 0.0542785 1 0.456021 234 0.477319 1 0.266474 278 0.821236 1 0.152403 0.163691
381 215 0.500506 -1 0.456533 125 0.335636 -1 0.129014 888 0.0824667 -1 0.286432 0.17075
382 169 0.33674 1 0.457655 430 0.0623648 1 0.252633 780 0.163112 1 0.165158 0.165923
383 279 0.590936 -1 0.45296 22 0.271898 -1 0.154312 227 0.490531 -1 0.259251 0.174629
384 334 0.673823 1 0.446834 676 0.0652548 1 0.232108 549 0.106519 1 0.183982 0.169423
385 497 0.0569985 -1 0.448805 580 0.0707623 1 0.140754 22 0.163643 -1 0.270307 0.179791
386 29 0.169993 1 0.456477 140 0.345857 1 0.36699 811 0.156979 1 0.0517421 0.16399
387 117 0.328475 -1 0.446779 259 0.512536 -1 0.141756 891 0.00435991 -1 0.271172 0.175939
388 892 0.0361801 1 0.453511 482 0.0579049 1 0.325074 841 0.15885 1 0.092548 0.166272
389 648 0.059536 -1 0.451631 687 0.125741 -1 0.139087 783 0.0274377 -1 0.267279 0.189505
390 131 0.379265 1 0.456882 159 0.394883 -1 0.187448 42 0.185287 -1 0.215756 0.196067
391 42 0.196037 1 0.451612 769 0.0614583 1 0.273243 243 0.55641 1 0.13512 0.185367
392 826 0.0451743 -1 0.454243 763 0.0470429 1 0.151862 485 0.216763 1 0.260276 0.177568
393 387 0.0472191 -1 0.456758 220 0.517961 1 0.130919 195 0.500357 -1 0.279226 0.181682
394 263 0.537315 1 0.456573 245 0.581735 -1 0.140576 302 0.700786 -1 0.27438 0.171757
395 135 0.360947 -1 0.459977 139 0.309459 1 0.281227 228 0.574561 1 0.135731 0.167636
396 807 0.217831 1 0.451586 774 0.062656 1 0.0692313 396 0.378793 1 0.350242 0.162468
397 479 0.10073 1 0.45045 220 0.595254 -1 0.336503 635 0.0213004 -1 0.0806668 0.167202
398 101 0.357476 1 0.450296 887 0.143628 -1 0.151876 738 0.0953335 1 0.26133 0.175363
399 288 0.576709 -1 0.449756 220 0.498789 1 0.132877 167 0.313942 -1 0.277056 0.182121
400 591 0.092965 1 0.45884 878 0.0512268 1 0.278884 589 0.11655 1 0.13418 0.175657
401 410 0.218524 1 0.451212 701 0.174809 -1 0.0508739 711 0.0145063 -1 0.364411 0.17108
402 622 0.0169676 1 0.44865 466 0.0484961 1 0.366895 616 0.0939301 1 0.0523152 0.163008
403 842 0.176748 1 0.457551 572 0.0355364 1 0.107607 581 0.0552541 -1 0.315638 0.154733
404 539 0.0717738 -1 0.45833 732 0.147286 -1 0.261329 899 0.0271513 -1 0.154925 0.169086
405 446 0.192788 1 0.459298 449 0.226205 -1 0.114235 449 0.183728 1 0.295688 0.182143
406 674 0.0509965 1 0.455954 653 0.0307965 1 0.336004 784 0.118459 1 0.0847582 0.159823
407 491 0.155394 1 0.449619 164 0.325018 1 0.0807958 414 0.00877444 -1 0.329795 0.180762
408 322 0.785938 -1 0.456321 664 0.0497606 1 0.30289 331 0.756383 -1 0.119119 0.157265
409 302 0.776372 1 0.459915 320 0.775824 -1 0.184328 828 0.176297 1 0.230626 0.171762
410 19 0.124992 1 0.452228 191 0.48793 1 0.430556 349 0.536841 -1 0.00148346 0.136768
411 344 0.566299 -1 0.459902 509 0.0988969 1 0.102036 331 0.818809 1 0.317639 0.162055
412 276 0.727838 -1 0.458361 26 0.261806 -1 0.233926 8 0.259542 1 0.179839 0.174212
413 280 0.629417 1 0.461726 317 0.797665 -1 0.25765 365 0.224375 1 0.164308 0.157371
414 317 0.749638 1 0.459877 516 0.135285 -1 0.202734 774 0.180013 1 0.211032 0.17421
415 272 0.551541 -1 0.459419 132 0.377066 -1 0.119251 810 0.0174497 -1 0.301386 0.16008
416 640 0.0421707 1 0.455747 229 0.599783 -1 0.325248 384 0.0927716 -1 0.0989937 0.152693
417 369 0.171517 1 0.448226 787 0.106044 -1 0.126797 804 0.00920103 -1 0.290256 0.167443
418 889 0.0822848 1 0.459804 579 0.227784 -1 0.300334 862 0.128565 1 0.125473 0.149489
419 881 0.05188 -1 0.448002 833 0.0956283 1 0.113089 50 0.265229 1 0.293604 0.188827
420 39 0.254337 -1 0.453119 295 0.822559 -1 0.326892 67 0.217805 -1 0.0912031 0.165299
421 789 0.212036 1 0.45798 497 0.120814 -1 0.069721 479 0.27887 1 0.354552 0.152627
422 592 0.0471126 1 0.458016 65 0.149468 1 0.386058 520 0.0758649 1 0.0378152 0.153448
423 517 0.180309 1 0.446751 875 0.114418 1 0.0821972 458 0.390743 1 0.332902 0.171461
424 865 0.197752 -1 0.45858 779 0.0222505 1 0.382868 808 0.184935 1 0.0461475 0.142935
425 334 0.409443 -1 0.446333 290 0.619655 -1 0.0233438 629 0.166199 1 0.396105 0.162519
426 466 0.321017 -1 0.456343 440 0.0420073 1 0.426201 297 0.85658 1 0.00923928 0.129845
427 312 0.725535 -1 0.454171 242 0.536998 -1 0.16167 176 0.387886 1 0.247737 0.183209
428 896 0.0939517 -1 0.462502 798 0.0619025 1 0.221173 385 0.13863 1 0.193676 0.171976
429 556 0.154872 1 0.458098 669 0.0747567 1 0.185938 852 0.188191 1 0.232732 0.164118
430 340 0.760422 -1 0.459719 321 0.672493 1 0.280286 479 0.174906 1 0.131733 0.177813
431 393 0.0776615 -1 0.451725 381 0.17775 1 0.123508 688 0.0202345 -1 0.288246 0.17836
432 145 0.407421 -1 0.452612 681 0.174686 -1 0.404562 454 0.0417772 -1 0.0232708 0.145349
433 469 0.121246 -1 0.456795 116 0.356051 -1 0.235629 125 0.382572 1 0.174544 0.181625
434 131 0.359205 1 0.464075 370 0.172796 -1 0.285834 404 0.011236 -1 0.130431 0.169063
435 369 0.0862703 1 0.452853 605 0.125383 -1 0.237189 398 0.143733 1 0.182386 0.162261
436 539 0.00941252 -1 0.459089 212 0.490346 1 0.0379891 899 0.0317241 -1 0.395811 0.133182
437 838 0.10918 -1 0.452441 78 0.115655 1 0.368188 588 0.17464 1 0.0566988 0.151372
438 359 0.851449 1 0.449801 545 0.139565 -1 0.0365252 125 0.295941 -1 0.386109 0.155984
439 169 0.323777 1 0.45405 212 0.49727 1 0.336133 251 0.465846 -1 0.0781999 0.173041
440 142 0.345044 -1 0.45028 0 0.281076 -1 0.17201 294 0.863541 1 0.237886 0.182198
441 890 0.163839 1 0.459516 809 0.186296 -1 0.130626 898 0.166218 1 0.290851 0.158358
442 115 0.333639 1 0.459247 222 0.510699 1 0.283969 563 0.122285 1 0.129945 0.173904
443 273 0.451521 -1 0.441998 879 0.130562 -1 0.0668391 93 0.320227 -1 0.347064 0.173926
444 118 0.325756 1 0.459625 453 0.132056 -1 0.337824 489 0.211023 1 0.0869472 0.151609
445 452 0.109581 1 0.447934 292 0.771613 -1 0.151953 762 0.179005 1 0.259337 0.179317
446 467 0.0908955 1 0.458472 553 0.152222 -1 0.277371 494 0.0812771 1 0.142185 0.162299
447 476 0.0521395 -1 0.444486 825 0.111641 -1 0.0987248 714 0.277479 1 0.308414 0.187903
448 569 0.105366 1 0.45969 597 0.10775 -1 0.307014 89 0.304974 1 0.115206 0.156833
449 131 0.382546 1 0.460836 167 0.416431 -1 0.168686 222 0.523488 -1 0.246343 0.171607
450 507 0.130337 1 0.446109 504 0.0908251 -1 0.108262 357 0.458029 -1 0.303149 0.179067
451 337 0.688639 1 0.458923 247 0.511486 1 0.307585 779 0.16115 1 0.107202 0.172105
452 467 0.109491 1 0.45912 547 0.177492 -1 0.235816 457 0.16011 1 0.185481 0.158725
453 119 0.364503 -1 0.458945 218 0.555481 -1 0.255219 360 0.0281452 -1 0.157066 0.177265
454 111 0.367629 1 0.445892 470 0.0974866 1 0.154236 830 0.0116813 -1 0.256643 0.180167
455 830 0.042962 1 0.457636 412 0.143167 -1 0.308046 886 0.194073 1 0.115217 0.154696
456 267 0.505627 -1 0.454431 789 0.0985385 1 0.152705 647 0.301156 1 0.257627 0.181297
457 140 0.331491 1 0.455053 230 0.597231 -1 0.386291 737 0.0860801 1 0.0387222 0.151113
458 621 0.0010217 -1 0.44057 81 0.36623 -1 0.00368416 736 0.196921 1 0.419922 0.153993
459 663 0.206789 -1 0.452519 344 0.831137 -1 0.381401 723 0.0195871 -1 0.043046 0.152271
460 575 0.0599476 -1 0.453277 591 0.0535987 1 0.117521 494 0.0221292 -1 0.296347 0.173999
461 574 0.115813 1 0.451487 235 0.477274 1 0.202169 546 0.159976 1 0.209489 0.178557
462 554 0.0712506 -1 0.456055 484 0.064148 1 0.154585 104 0.313616 -1 0.264032 0.164226
463 140 0.356503 1 0.454907 843 0.0636289 1 0.314899 112 0.369447 1 0.102806 0.166101
464 138 0.349321 -1 0.454896 43 0.261175 -1 0.107193 630 0.277057 1 0.304756 0.177958
465 451 0.0445933 1 0.459065 693 0.233653 -1 0.303386 351 0.444642 -1 0.12086 0.152683
466 652 0.143136 1 0.453894 352 0.49843 1 0.0714763 782 0.0620163 -1 0.351165 0.15597
467 542 0.0470225 -1 0.457759 775 0.0639452 1 0.14592 536 0.133953 1 0.278313 0.15271
468 635 0.10095 1 0.462048 686 0.0979745 1 0.191653 29 0.286927 1 0.227419 0.163292
469 356 0.745188 -1 0.459208 48 0.264706 -1 0.269206 629 0.0375283 -1 0.140612 0.182359
470 871 0.150163 1 0.456554 323 0.844752 -1 0.0906956 850 0.189605 1 0.333782 0.152209
471 709 0.0975477 1 0.457319 687 0.152767 -1 0.217892 697 0.0894952 1 0.197383 0.1711
472 435 0.141496 1 0.457956 279 0.813552 -1 0.246385 441 0.116522 1 0.172634 0.163402
473 728 0.0172637 -1 0.452554 736 0.0100363 1 0.0854304 634 0.0143553 -1 0.33281 0.165
474 130 0.343416 1 0.45052 799 0.051148 1 0.355297 98 0.293277 -1 0.0642353 0.162347
475 354 0.4733 -1 0.448791 256 0.49687 1 0.0674401 273 0.852432 1 0.350795 0.165011
476 350 0.853755 -1 0.453179 131 0.297131 1 0.406898 286 0.86814 1 0.021101 0.145009
477 711 0.305364 1 0.44245 109 0.32501 1 0.0358296 805 0.0131719 -1 0.383326 0.163121
478 615 0.0380275 1 0.458719 359 0.638733 1 0.295989 468 0.0419249 -1 0.12251 0.164468
479 349 0.727615 -1 0.460479 138 0.402889 -1 0.231694 480 0.207424 1 0.187707 0.162616
480 139 0.413716 1 0.453664 220 0.565711 1 0.060167 891 0.146343 1 0.354638 0.172069
481 211 0.560171 -1 0.449004 131 0.419541 -1 0.33543 865 0.125203 1 0.0726664 0.18592
482 148 0.408239 1 0.441494 547 0.075164 1 0.0603862 38 0.290468 1 0.350969 0.179184
483 73 0.283109 -1 0.453966 197 0.567978 -1 0.330222 857 0.211532 1 0.0846778 0.171872
484 84 0.298844 1 0.448865 81 0.363809 -1 0.0535215 701 0.0333481 -1 0.365355 0.163693
485 891 0.0653611 -1 0.456586 866 0.0393549 1 0.216813 443 0.0532568 -1 0.200343 0.16723
486 892 0.0627063 1 0.453773 554 0.0486729 1 0.238903 341 0.434696 -1 0.180324 0.162973
487 508 0.142516 1 0.459424 496 0.148417 -1 0.161834 108 0.319928 -1 0.258699 0.160293
488 146 0.350301 1 0.451923 568 0.088963 1 0.237819 122 0.366409 1 0.175625 0.174874
489 792 0.0523291 -1 0.449141 700 0.0492392 1 0.149805 765 0.0635446 -1 0.264162 0.173795
490 666 0.172085 1 0.45859 648 0.236959 -1 0.184598 865 0.0833582 -1 0.225809 0.18114
491 517 0.120555 -1 0.457738 758 0.0652231 1 0.228248 408 0.0369517 -1 0.187894 0.169316
492 73 0.283109 -1 0.45866 104 0.365607 -1 0.334097 458 0.346508 1 0.0855328 0.162146
493 182 0.536982 1 0.456172 239 0.525265 1 0.139286 41 0.233215 1 0.26996 0.183543
494 391 0.190684 1 0.453991 565 0.0553378 1 0.178288 372 0.233845 1 0.235524 0.174115
495 44 0.19547 -1 0.456527 232 0.542559 -1 0.156455 133 0.392341 1 0.260391 0.167867
496 651 0.113769 1 0.45668 400 0.0647995 1 0.113079 656 0.0192223 -1 0.3121 0.150776
497 480 0.0835194 1 0.45014 707 0.211843 -1 0.362956 825 0.100342 1 0.0463221 0.183476
498 715 0.333831 1 0.447936 134 0.360371 -1 0.0212454 843 0.19235 1 0.40411 0.150413
499 810 0.075295 -1 0.459753 220 0.500432 1 0.260963 11 0.174717 -1 0.150416 0.179134
500 151 0.329883 -1 0.448416 223 0.496494 -1 0.0877537 396 0.00487086 -1 0.322935 0.18056
501 811 0.0257178 1 0.445793 130 0.471021 -1 0.325396 405 0.304518 1 0.0925024 0.165703
502 812 0.0434653 -1 0.45547 896 0.132736 -1 0.14432 815 0.0249059 -1 0.27771 0.157223
503 822 0.0551593 1 0.455123 766 0.0840731 1 0.290526 714 0.019737 -1 0.124192 0.172247
504 405 0.203723 1 0.454151 411 0.164558 -1 0.0675822 588 0.034672 -1 0.344977 0.176697
505 509 0.0370956 1 0.44101 86 0.326819 -1 0.414194 77 0.142829 -1 0.004108 0.164874
506 648 0.0335224 -1 0.445876 577 0.0708427 1 0.0706663 245 0.567109 1 0.338578 0.183545
507 265 0.530456 -1 0.450086 209 0.543641 -1 0.241931 809 0.197718 1 0.170223 0.177533
508 577 0.167919 1 0.452513 833 0.148065 -1 0.167666 433 0.0493944 -1 0.241219 0.18429
509 198 0.525874 1 0.456159 337 0.655459 1 0.197939 717 0.0307006 -1 0.218856 0.167972
510 191 0.519574 -1 0.461577 729 0.0222595 1 0.204542 831 0.16609 1 0.211575 0.169366
511 184 0.500331 1 0.458728 301 0.838154 -1 0.300793 868 0.181558 1 0.123578 0.152427
512 306 0.850698 1 0.453875 207 0.507196 1 0.0402973 457 0.250912 1 0.383281 0.15405
513 275 0.708089 -1 0.456027 39 0.262231 -1 0.220447 327 0.705157 -1 0.194231 0.172328
514 798 0.143953 1 0.457613 785 0.18847 -1 0.184535 75 0.274313 1 0.235088 0.16216
515 518 0.117114 1 0.450634 588 0.0750636 1 0.218623 353 0.73629 1 0.191574 0.181578
516 495 0.0486621 -1 0.457011 739 0.0651445 -1 0.179995 660 0.0183848 -1 0.23764 0.166245
517 523 0.0159051 1 0.450031 862 0.0203872 1 0.38475 441 0.000878534 -1 0.0367953 0.158216
518 512 0.21428 1 0.452407 833 0.0966363 1 0.0311745 602 0.151222 1 0.39108 0.156763
519 602 0.123821 -1 0.458353 70 0.287134 -1 0.291687 187 0.50301 -1 0.126848 0.164394
520 706 0.240423 1 0.453253 418 0.107449 1 0.0317652 485 0.238246 1 0.394309 0.148944
521 525 0.163341 -1 0.453231 246 0.593188 -1 0.370495 487 0.198063 1 0.0542605 0.151641
522 404 0.0168145 -1 0.451563 458 0.0575304 1 0.0442738 53 0.296035 1 0.372967 0.167055
523 216 0.496232 1 0.448263 538 0.0155743 1 0.338937 242 0.467816 -1 0.0777895 0.168113
524 720 0.0134802 -1 0.457764 451 0.013452 1 0.057656 81 0.165349 -1 0.367933 0.149936
525 287 0.736067 -1 0.458862 565 0.0657161 1 0.259435 286 0.708184 -1 0.159376 0.163828
526 277 0.676207 1 0.455724 391 0.131045 1 0.277321 629 0.0162222 -1 0.140195 0.166489
527 320 0.710014 -1 0.459425 753 0.0672956 1 0.157304 446 0.0415351 -1 0.255112 0.176994
528 139 0.362481 1 0.459399 318 0.683898 1 0.278047 331 0.586282 -1 0.139638 0.166143
529 573 0.161612 1 0.45841 730 0.0418414 1 0.119337 311 0.680664 -1 0.302039 0.158563
530 329 0.752848 1 0.45746 587 0.167944 -1 0.23205 111 0.328874 -1 0.18196 0.173707
531 328 0.755015 -1 0.451814 141 0.340247 1 0.219964 497 0.0619632 -1 0.191855 0.178227
532 281 0.566301 -1 0.451197 183 0.544863 -1 0.10586 535 0.193882 1 0.311253 0.167319
533 280 0.633001 1 0.451344 608 0.161812 -1 0.257471 364 0.274133 1 0.157441 0.171848
534 272 0.561267 -1 0.454922 842 0.0846957 1 0.122267 314 0.784718 1 0.297544 0.161775
535 849 0.0961248 -1 0.46131 643 0.0450651 1 0.235203 121 0.408542 1 0.181068 0.16905
536 125 0.351105 -1 0.453593 395 0.20057 -1 0.248684 53 0.266265 1 0.16763 0.168961
537 648 0.0696801 -1 0.452629 154 0.334927 1 0.150949 396 0.210517 1 0.264698 0.170334
538 406 0.118841 -1 0.455385 678 0.163028 -1 0.315635 446 0.291427 1 0.100167 0.170015
539 537 0.0416303 -1 0.459917 448 0.0194283 1 0.129072 715 0.196958 1 0.289674 0.163963
540 708 0.151073 -1 0.454408 312 0.685324 1 0.301351 8 0.26242 1 0.105181 0.189162
541 44 0.223576 -1 0.458987 654 0.152951 -1 0.242091 174 0.319192 -1 0.17487 0.167631
542 662 0.0976608 1 0.457679 354 0.745828 -1 0.196806 547 0.257077 1 0.223278 0.161214
543 130 0.3655 1 0.460302 311 0.830579 -1 0.262631 849 0.058424 -1 0.154409 0.167467
544 187 0.496099 -1 0.449482 308 0.668016 1 0.104756 828 0.00996544 -1 0.305953 0.180519
545 186 0.527416 1 0.452473 103 0.415546 -1 0.172294 302 0.700786 -1 0.239402 0.17848
546 508 0.122511 1 0.458173 150 0.404643 -1 0.221665 317 0.802122 1 0.194919 0.168407
547 727 0.0656601 1 0.459643 848 0.0731667 -1 0.171404 737 0.0770401 1 0.253437 0.151466
548 570 0.153487 -1 0.453761 228 0.594469 -1 0.324583 405 0.204185 1 0.0901649 0.172186
549 278 0.87603 1 0.448953 736 0.0991989 -1 0.0171483 355 0.843948 1 0.409586 0.147594
550 313 0.809697 -1 0.452034 599 0.0457582 1 0.340808 836 0.154277 1 0.0753407 0.169301
551 728 0.0111148 -1 0.456453 312 0.614699 1 0.0503967 794 0.0366413 -1 0.37761 0.144995
552 677 0.126344 1 0.45792 879 0.0718547 1 0.275377 49 0.176858 -1 0.137694 0.175642
553 842 0.122651 1 0.463036 479 0.136333 1 0.225538 96 0.392975 1 0.189199 0.172209
554 152 0.344925 -1 0.458077 139 0.328233 1 0.206702 230 0.55927 1 0.205389 0.177664
555 137 0.353151 -1 0.452543 227 0.546985 -1 0.180048 813 0.0271444 -1 0.228089 0.185837
556 161 0.364955 1 0.449331 884 0.0837528 1 0.119571 225 0.547628 1 0.281116 0.201301
557 255 0.524764 -1 0.443283 40 0.165703 1 0.208694 600 0.209373 1 0.191026 0.203315
558 58 0.232056 -1 0.455343 486 0.131352 -1 0.251871 361 0.361441 1 0.161933 0.174132
559 575 0.0645045 -1 0.455629 568 0.102507 1 0.133029 780 0.174748 1 0.2807 0.174287
560 406 0.0517235 1 0.455732 367 0.0249886 1 0.264947 306 0.823209 1 0.153335 0.164915
561 396 0.0166916 -1 0.456423 230 0.512264 1 0.0674771 50 0.229242 1 0.355949 0.154363
562 326 0.758339 -1 0.453703 491 0.0463654 1 0.231336 656 0.0292818 -1 0.187874 0.16301
563 547 0.315675 1 0.452959 436 0.078834 1 0.0263757 441 0.035977 -1 0.399263 0.149833
564 820 0.0765258 1 0.453137 34 0.289946 -1 0.176131 323 0.500404 -1 0.242953 0.163266
565 766 0.136982 1 0.457179 720 0.0839731 -1 0.211254 784 0.147881 1 0.20061 0.178132
566 432 0.0480147 1 0.453127 515 0.170095 -1 0.296465 840 0.0567759 -1 0.121278 0.166024
567 647 0.197305 1 0.450951 87 0.178195 1 0.0744539 850 0.164185 1 0.341117 0.170492
568 708 0.100228 1 0.455644 209 0.506096 1 0.214963 480 0.253644 1 0.19554 0.180943
569 308 0.792852 -1 0.457403 211 0.558648 -1 0.294664 860 0.0957426 -1 0.121344 0.16959
570 511 0.140927 1 0.454146 131 0.374817 1 0.113526 698 0.0468475 -1 0.3006 0.173467
571 565 0.126736 1 0.45948 549 0.172564 -1 0.212252 484 0.154227 1 0.206693 0.163553
572 548 0.0799248 -1 0.455035 366 0.168951 -1 0.154329 485 0.0140546 -1 0.264252 0.1643
573 66 0.133665 1 0.450327 131 0.439381 -1 0.419847 811 0.183334 1 0.00450828 0.152459
574 138 0.415746 1 0.443385 137 0.448709 -1 0.0507284 116 0.295859 -1 0.357837 0.184949
575 808 0.0792737 1 0.455036 20 0.284294 -1 0.296401 863 0.191765 1 0.116719 0.175541
576 809 0.0872056 -1 0.445797 890 0.0778378 1 0.174964 544 0.0176958 -1 0.235146 0.181755
577 873 0.0894302 -1 0.456055 867 0.0875624 1 0.246194 615 0.0809673 1 0.171759 0.165591
578 426 0.213309 1 0.455049 708 0.068034 1 0.160332 714 0.335549 1 0.255216 0.170538
579 328 0.828656 -1 0.452693 482 0.0574368 1 0.373973 866 0.208509 1 0.0473049 0.158764
580 366 0.0270971 -1 0.452595 415 0.127401 -1 0.0496424 693 0.0127029 -1 0.375017 0.151837
581 527 0.0440708 1 0.451107 118 0.404276 -1 0.353073 735 0.0756265 1 0.0682884 0.158593
582 458 0.191733 1 0.452505 659 0.0746816 1 0.103348 308 0.630915 -1 0.305325 0.184728
583 139 0.366054 1 0.457004 577 0.10867 1 0.259803 498 0.0574899 -1 0.153617 0.174922
584 315 0.674353 -1 0.45926 393 0.175307 -1 0.168115 774 0.217019 1 0.251318 0.162551
585 380 0.0619459 1 0.4595 821 0.122802 -1 0.379701 552 0.0387806 -1 0.0456911 0.150337
586 807 0.145013 1 0.451532 325 0.625025 1 0.158826 772 0.195963 1 0.25307 0.178065
587 411 0.108387 1 0.457022 128 0.372373 -1 0.179022 193 0.557517 1 0.236364 0.170872
588 890 0.127694 1 0.461647 499 0.0689902 1 0.189536 81 0.214697 -1 0.223219 0.176293
589 87 0.260051 1 0.448731 477 0.129001 -1 0.120164 773 0.0580352 -1 0.286854 0.188154
590 195 0.50717 -1 0.454827 317 0.669223 1 0.155363 897 0.0397078 -1 0.257347 0.176387
591 2 0.243131 -1 0.459153 700 0.211761 -1 0.245583 713 0.0176543 -1 0.167388 0.175848
592 36 0.227422 1 0.450874 839 0.105326 -1 0.224719 171 0.380234 1 0.188315 0.175719
593 719 0.285927 1 0.452378 718 0.265005 -1 0.0332996 387 0.0101145 -1 0.390785 0.153014
594 413 0.189382 -1 0.44349 736 0.0195381 1 0.364413 818 0.154354 1 0.0483573 0.176262
595 396 0.21093 1 0.45344 579 0.0935129 1 0.0674044 660 0.0482841 -1 0.35457 0.157338
596 739 0.0350743 1 0.456201 238 0.562402 -1 0.290725 364 0.369061 1 0.128945 0.162065
597 267 0.535491 1 0.457047 245 0.581735 -1 0.148703 801 0.0906634 1 0.26876 0.166599
598 747 0.0250335 -1 0.454321 220 0.497305 1 0.0732166 621 0.18994 1 0.349445 0.155927
599 310 0.635384 1 0.451923 49 0.18389 1 0.346177 39 0.165937 -1 0.071474 0.166211
600 89 0.208041 -1 0.457896 341 0.805839 -1 0.162808 876 0.215592 1 0.253237 0.169516
601 776 0.183008 -1 0.459831 627 0.0763525 -1 0.312322 362 0.0141167 -1 0.114197 0.148033
602 617 0.0657876 1 0.450614 624 0.212725 -1 0.226379 44 0.270507 1 0.18749 0.173997
603 768 0.110524 1 0.456455 25 0.287136 -1 0.203593 107 0.390907 1 0.213337 0.167696
604 768 0.0638154 -1 0.457261 775 0.070174 1 0.0814596 405 0.240992 1 0.342986 0.152276
605 850 0.0803218 1 0.450146 189 0.467227 1 0.298047 171 0.302115 -1 0.118459 0.168566
606 310 0.705907 -1 0.452499 309 0.622538 1 0.187369 409 0.0962173 -1 0.221927 0.183439
607 418 0.191823 1 0.460331 528 0.0925853 -1 0.168962 614 0.0408221 -1 0.235194 0.194089
608 675 0.169028 1 0.45434 571 0.0478707 1 0.194722 478 0.0986577 -1 0.213924 0.184783
609 515 0.0841008 1 0.447929 309 0.755122 -1 0.177178 515 0.0116127 -1 0.233087 0.181436
610 389 0.0889184 1 0.449914 685 0.0359999 1 0.292193 460 0.13741 1 0.124894 0.167372
611 638 0.0203469 -1 0.448079 762 0.0545723 1 0.0492045 556 0.241429 1 0.370239 0.162529
612 569 0.12879 1 0.461084 663 0.161963 -1 0.248708 70 0.266688 1 0.167928 0.1683
613 628 0.0992642 1 0.462662 554 0.108527 -1 0.0996702 555 0.15127 1 0.323802 0.154268
614 563 0.087075 -1 0.456065 333 0.717265 -1 0.167324 197 0.501173 -1 0.236539 0.194698
615 211 0.528536 1 0.444221 233 0.489468 1 0.236461 726 0.14907 1 0.168639 0.19213
616 281 0.551623 -1 0.454619 183 0.544863 -1 0.101903 720 0.152861 1 0.318637 0.160278
617 433 0.0987417 1 0.456457 444 0.273829 -1 0.230795 449 0.151766 1 0.187375 0.165147
618 806 0.0890139 -1 0.457274 778 0.040272 1 0.223257 413 0.0159302 -1 0.195391 0.164162
619 709 0.100904 1 0.461353 722 0.0941667 -1 0.223712 760 0.0412121 -1 0.199029 0.155766
620 640 0.0720249 1 0.457841 566 0.232517 -1 0.254304 509 0.138492 1 0.163621 0.165649
621 359 0.828227 1 0.446265 16 0.188553 1 0.0578591 431 0.221857 1 0.359387 0.167044
622 431 0.149665 -1 0.453041 256 0.488468 1 0.294582 503 0.0400341 -1 0.118695 0.175216
623 251 0.466394 -1 0.453412 418 0.132983 1 0.0337206 809 0.0351827 -1 0.388645 0.156534
624 808 0.0393889 1 0.448627 753 0.0344175 1 0.379954 284 0.81763 1 0.038167 0.165246
625 617 0.0291083 -1 0.446448 622 0.0127302 1 0.0622806 630 0.0035369 -1 0.355697 0.165541
626 131 0.355502 1 0.45188 148 0.452113 -1 0.308344 108 0.319002 -1 0.104217 0.176695
627 362 0.00532554 -1 0.44417 668 0.258114 -1 0.00823783 832 0.251841 1 0.416248 0.152192
628 219 0.594758 -1 0.452204 50 0.29084 -1 0.417229 348 0.895454 1 0.00925358 0.148108
629 411 0.0423968 -1 0.446056 808 0.0937333 1 0.073377 548 0.00934026 -1 0.338938 0.177203
630 700 0.187336 -1 0.454503 776 0.0517566 1 0.342485 78 0.250405 1 0.076388 0.1637
631 91 0.38901 1 0.45028 115 0.402689 -1 0.0626535 812 0.134962 1 0.354938 0.166334
632 822 0.117495 -1 0.454598 601 0.0541792 1 0.315688 304 0.824046 1 0.103913 0.162206
633 335 0.62577 -1 0.458248 882 0.0103902 1 0.101939 891 0.0196342 -1 0.319407 0.158624
634 325 0.659313 1 0.456596 434 0.089781 1 0.310692 675 0.0391981 -1 0.108262 0.163534
635 145 0.358246 -1 0.451601 321 0.853019 -1 0.252974 860 0.153424 1 0.159303 0.177281
636 705 0.194371 1 0.44587 46 0.178647 1 0.0476445 81 0.140216 -1 0.369891 0.16645
637 479 0.0650928 1 0.454149 826 0.117636 -1 0.387931 461 0.0914077 1 0.0285238 0.168673
638 899 0.159641 1 0.448531 509 0.0959377 1 0.144852 872 0.193446 1 0.263738 0.1849
639 881 0.0584801 -1 0.460087 40 0.262902 -1 0.127358 630 0.167517 1 0.289347 0.168158
640 649 0.053883 -1 0.459853 577 0.0753072 1 0.108713 385 0.123805 1 0.311495 0.160959
641 393 0.108988 -1 0.460196 887 0.128299 -1 0.204385 865 0.110855 1 0.21839 0.155697
642 468 0.059095 -1 0.456852 236 0.513999 1 0.156465 564 0.232591 1 0.263656 0.161137
643 369 0.132395 1 0.464024 740 0.0902407 -1 0.172438 98 0.34467 -1 0.255988 0.144138
644 100 0.379517 1 0.452388 171 0.369195 1 0.0820524 373 0.254642 1 0.334146 0.1692
645 643 0.0889881 1 0.456743 592 0.0631621 1 0.194283 250 0.487166 -1 0.230527 0.151528
646 288 0.689246 -1 0.460753 65 0.268133 -1 0.224718 869 0.174956 1 0.192244 0.167629
647 106 0.324103 1 0.457779 419 0.0568621 1 0.337683 563 0.122285 1 0.0873315 0.151112
648 534 0.020587 -1 0.444864 414 0.0700196 -1 0.0472997 790 0.278051 1 0.368444 0.170136
649 832 0.0568101 1 0.455222 766 0.0796939 1 0.355936 610 0.10392 1 0.0608697 0.167949
650 756 0.0347482 -1 0.454588 881 0.047335 1 0.0692371 49 0.265281 1 0.353627 0.155513
651 48 0.26534 -1 0.454669 702 0.0195093 1 0.355217 450 0.112999 1 0.0644468 0.162077
652 304 0.556459 -1 0.445394 294 0.627214 1 0.0320131 335 0.57736 -1 0.383644 0.170313
653 730 0.0425933 1 0.459899 644 0.224047 -1 0.27397 605 0.0612225 1 0.150176 0.152889
654 693 0.0506782 -1 0.452005 731 0.0880705 -1 0.0979133 884 0.184675 1 0.317 0.171845
655 232 0.542686 -1 0.458182 150 0.398063 -1 0.31287 141 0.396449 1 0.0956505 0.185042
656 711 1.61116e-08 -1 0.435844 666 0.0114283 1 0.000313734 306 0.880793 1 0.420991 0.15871
657 139 0.360194 1 0.456151 160 0.396443 -1 0.287201 671 0.227939 1 0.12813 0.170985
658 92 0.329827 -1 0.464589 213 0.525049 -1 0.159773 182 0.536679 1 0.253596 0.175028
659 170 0.389493 1 0.456915 177 0.411835 -1 0.0565732 540 0.00600433 -1 0.36419 0.159821
660 93 0.348225 -1 0.442584 136 0.294878 1 0.227058 534 0.150713 1 0.177683 0.192874
661 457 0.123763 1 0.462249 676 0.0986878 1 0.201188 388 0.0363678 -1 0.215814 0.167546
662 286 0.782179 -1 0.460882 190 0.498861 1 0.31392 672 0.0612879 -1 0.107623 0.15822
663 263 0.49624 -1 0.456981 789 0.0829984 1 0.0925667 828 0.176239 1 0.330416 0.15527
664 319 0.796935 -1 0.454085 393 0.0378881 1 0.349933 889 0.21604 1 0.0663935 0.168937
665 476 0.0265191 -1 0.453454 478 0.0528883 1 0.0434511 638 0.203159 1 0.379842 0.154635
666 638 0.11886 -1 0.461859 475 0.189473 -1 0.259049 745 0.0673281 -1 0.155583 0.172425
667 475 0.142296 1 0.463413 835 0.0227197 1 0.148859 458 0.192855 1 0.271666 0.160309
668 736 0.0628435 1 0.45278 525 0.16556 -1 0.182451 390 0.234602 1 0.232187 0.172412
669 679 0.0978929 1 0.460313 224 0.54262 -1 0.203477 461 0.185168 1 0.214267 0.16602
670 130 0.375085 1 0.459974 567 0.0704908 1 0.2199 290 0.465143 -1 0.196809 0.168148
671 432 0.158515 1 0.460115 679 0.189572 -1 0.138453 446 0.0144502 -1 0.287091 0.150028
672 344 0.745803 -1 0.453103 571 0.0391872 1 0.2693 670 0.0533023 -1 0.134434 0.194966
673 604 0.0665691 1 0.455766 867 0.106933 1 0.195974 362 0.0616802 -1 0.213556 0.182955
674 823 0.132606 1 0.458078 341 0.768992 -1 0.117848 517 0.180382 1 0.305455 0.154615
675 834 0.0843664 -1 0.459202 494 0.125191 -1 0.171759 582 0.239354 1 0.24069 0.176924
676 843 0.0979362 1 0.447726 74 0.15578 1 0.246941 584 0.0609712 -1 0.163524 0.181021
677 0 0.19742 -1 0.456678 28 0.136786 1 0.130567 567 0.0361068 -1 0.284335 0.171869
678 5 0.197636 1 0.453429 889 0.0432567 1 0.291073 81 0.165349 -1 0.124711 0.170053
679 503 0.166608 1 0.452852 774 0.0921509 1 0.0739713 40 0.151669 -1 0.340189 0.173397
680 286 0.8384 -1 0.447853 106 0.425677 -1 0.383718 25 0.249932 1 0.0321533 0.169873
681 881 0.21995 1 0.442203 65 0.226909 1 0.0509545 728 0.0097766 -1 0.361942 0.176002
682 577 0.133691 1 0.457952 570 0.15252 -1 0.250769 559 0.107614 1 0.164817 0.170459
683 595 0.102854 -1 0.460115 798 0.0761468 1 0.314443 621 0.0742996 -1 0.102217 0.168251
684 807 0.0463642 -1 0.450842 882 0.168221 -1 0.0740125 422 0.00436128 -1 0.34198 0.169623
685 619 0.022311 1 0.451614 320 0.863567 -1 0.376982 44 0.173777 -1 0.0423396 0.162779
686 278 0.831874 1 0.450397 287 0.78803 -1 0.0533043 571 0.127752 1 0.362126 0.170781
687 828 0.0414473 1 0.465566 848 0.11734 -1 0.273016 506 0.0329762 -1 0.144413 0.166669
688 417 0.246536 1 0.45724 790 0.210309 -1 0.079985 539 0.0107117 -1 0.344791 0.151598
689 479 0.0638719 1 0.459853 77 0.310474 -1 0.400252 378 0.124392 1 0.0251416 0.150335
690 333 0.272477 -1 0.439479 351 0.118613 1 0.0104202 453 0.0164207 -1 0.39998 0.181155
691 822 0.0475835 1 0.449826 253 0.497696 1 0.31861 804 0.0182331 -1 0.102185 0.159757
692 236 0.525112 -1 0.457421 681 0.154223 -1 0.180177 753 0.180704 1 0.231575 0.178363
693 555 0.116961 1 0.455738 480 0.0757739 1 0.230452 494 0.182326 1 0.180235 0.180563
694 674 0.184779 1 0.455452 557 0.065831 1 0.113041 548 0.0487794 -1 0.307814 0.159633
695 497 0.0846787 -1 0.457226 29 0.170196 1 0.234719 684 0.16889 1 0.173093 0.186508
696 14 0.183723 -1 0.460196 231 0.542131 1 0.106665 322 0.574014 -1 0.313118 0.161832
697 865 0.0935654 1 0.451325 557 0.0342124 1 0.249065 884 0.123202 1 0.157079 0.189963
698 874 0.0942126 -1 0.451346 134 0.357071 -1 0.164531 447 0.0318211 -1 0.245189 0.182562
699 139 0.35051 1 0.457102 846 0.0582395 -1 0.327416 125 0.363935 1 0.0871059 0.172651
700 448 0.0194283 1 0.451697 229 0.598489 -1 0.395333 620 0.0707566 1 0.0276014 0.15537
701 881 0.214915 1 0.441637 870 0.211323 -1 0.0517142 693 0.0125006 -1 0.362021 0.174273
702 600 0.0711678 1 0.457103 350 0.781916 -1 0.325105 358 0.776978 1 0.0904323 0.170559
703 330 0.766061 1 0.460036 487 0.0551956 1 0.209154 624 0.0175391 -1 0.211001 0.161067
704 554 0.0712926 -1 0.458145 556 0.0514665 1 0.151133 148 0.416134 1 0.26483 0.169684
705 229 0.556825 -1 0.454796 122 0.393951 -1 0.311801 130 0.413961 1 0.095334 0.187912
706 652 0.14935 1 0.443279 400 0.0656825 1 0.0651883 387 0.00852096 -1 0.347257 0.176933
707 799 0.120277 1 0.457151 211 0.507951 1 0.234968 838 0.133121 1 0.183983 0.163539
708 809 0.134652 -1 0.452665 105 0.40859 -1 0.249859 131 0.404626 1 0.163244 0.175577
709 512 0.137388 1 0.457895 392 0.074716 1 0.110288 410 0.0572787 -1 0.313673 0.153267
710 517 0.120555 -1 0.460739 409 0.0830703 1 0.214689 476 0.0521439 -1 0.191397 0.190083
711 635 0.0510856 -1 0.461702 637 0.0337184 1 0.132159 883 0.160077 1 0.288898 0.159219
712 703 0.0439387 1 0.453017 219 0.584478 -1 0.327364 52 0.256001 1 0.0910218 0.164701
713 711 0.0334741 -1 0.450072 449 0.18451 -1 0.100734 437 0.21671 1 0.310902 0.178605
714 715 0.114113 1 0.460144 398 0.140319 -1 0.161538 546 0.2752 1 0.259167 0.159941
715 316 0.848748 -1 0.456849 71 0.291454 -1 0.398822 246 0.587296 1 0.0276667 0.148097
716 167 0.313808 -1 0.450962 131 0.297131 1 0.0574471 523 0.183475 1 0.358308 0.170112
717 243 0.478929 1 0.452517 64 0.121759 1 0.395168 390 0.309679 1 0.0294198 0.151983
718 355 0.358876 -1 0.441022 803 0.00796935 1 0.0229161 621 0.00310068 -1 0.392135 0.171562
719 0 0.355811 -1 0.45414 484 0.0248506 1 0.430943 286 0.827322 1 0.00116796 0.136622
720 332 0.571027 -1 0.452035 404 0.0383294 1 0.0797292 494 0.0327933 -1 0.333825 0.174645
721 467 0.133731 1 0.461191 140 0.331519 1 0.178958 494 0.0734162 1 0.233273 0.177375
722 233 0.497311 -1 0.44945 383 0.179696 -1 0.109102 881 0.0266216 -1 0.30057 0.182662
723 248 0.533557 1 0.459504 106 0.337492 1 0.169238 92 0.316511 -1 0.245743 0.171706
724 405 0.0708514 1 0.457555 676 0.0620622 1 0.196481 300 0.780748 1 0.213257 0.182524
725 504 0.0501991 -1 0.456575 220 0.496554 1 0.193943 496 0.0490847 -1 0.222059 0.169603
726 505 0.0670302 1 0.451059 619 0.100523 -1 0.17807 366 0.0282822 -1 0.233384 0.17898
727 375 0.131728 1 0.461649 503 0.0644625 -1 0.172634 363 0.180029 1 0.24802 0.160044
728 830 0.186995 -1 0.451281 448 0.305082 -1 0.416754 38 0.167984 -1 0.00940632 0.148766
729 548 0.0316868 -1 0.449768 669 0.221224 -1 0.0412226 636 0.0264341 -1 0.383834 0.151025
730 844 0.0577932 1 0.455421 741 0.0243934 1 0.299372 858 0.056934 -1 0.117647 0.167512
731 813 0.0431199 -1 0.453177 132 0.394278 -1 0.128502 541 0.128561 1 0.294838 0.15454
732 660 0.118992 -1 0.460433 644 0.0278431 1 0.302763 414 0.0125913 -1 0.119477 0.156792
733 374 0.196185 1 0.453724 334 0.825089 -1 0.12927 404 0.0168073 -1 0.287869 0.167265
734 635 0.0997404 1 0.460522 511 0.0673079 1 0.200129 488 0.0522558 -1 0.220454 0.160191
735 361 0.0543288 1 0.457295 292 0.863521 -1 0.294251 478 0.159384 1 0.125813 0.161256
736 272 0.464841 -1 0.452394 163 0.291058 1 0.0775091 652 0.206268 1 0.342875 0.160599
737 889 0.0524384 1 0.455862 577 0.0608792 1 0.367015 331 0.872828 1 0.0550783 0.157092
738 888 0.0551669 -1 0.451526 861 0.0920151 1 0.0705385 396 0.21093 1 0.34199 0.176761
739 397 0.12021 -1 0.446143 858 0.053975 1 0.309025 274 0.872602 1 0.106144 0.17132
740 556 0.154872 1 0.459235 699 0.256673 -1 0.188486 546 0.22014 1 0.229744 0.165021
741 385 0.118048 1 0.456684 596 0.0934005 -1 0.182791 295 0.595851 -1 0.233195 0.169636
742 259 0.512332 -1 0.460502 842 0.0639664 1 0.187101 130 0.399276 1 0.225778 0.176039
743 781 0.149325 1 0.453946 773 0.242866 -1 0.119637 808 0.309171 1 0.302041 0.157945
744 848 0.0811679 -1 0.457783 64 0.141339 1 0.25733 53 0.295452 1 0.161006 0.164805
745 501 0.114563 1 0.455001 86 0.238951 -1 0.214856 378 0.350928 1 0.19968 0.172621
746 128 0.402285 -1 0.458181 121 0.325701 1 0.362458 391 0.286257 1 0.0604529 0.155418
747 125 0.302731 -1 0.449248 131 0.297131 1 0.0326693 848 0.174744 1 0.387922 0.160174
748 786 0.133348 -1 0.451229 191 0.490836 1 0.338055 807 0.0639018 -1 0.0793938 0.166628
749 899 0.187571 1 0.458237 890 0.273967 -1 0.113029 675 0.309361 1 0.307023 0.16128
750 818 0.0766507 -1 0.460173 693 0.248463 -1 0.289962 400 0.100683 -1 0.125574 0.170562
751 881 0.05188 -1 0.45662 841 0.062083 1 0.113751 228 0.495773 -1 0.301648 0.170846
752 881 0.100922 1 0.449972 808 0.205273 -1 0.196975 193 0.566028 1 0.212494 0.18308
753 193 0.526583 -1 0.453683 730 0.0148994 1 0.219958 711 0.0142369 -1 0.195623 0.17047
754 247 0.52811 1 0.453722 528 0.028976 1 0.209426 572 0.180492 1 0.206408 0.16995
755 703 0.0712754 1 0.458332 220 0.556919 -1 0.25807 282 0.585859 -1 0.164985 0.155122
756 278 0.682225 1 0.460365 287 0.69062 -1 0.265959 737 0.111438 1 0.157714 0.153857
757 584 0.0220427 1 0.447718 319 0.86051 -1 0.40205 574 0.118558 1 0.0216693 0.153762
758 853 0.191298 1 0.450872 139 0.370173 1 0.0543332 808 0.202916 1 0.362694 0.167494
759 439 0.0775938 1 0.459129 466 0.0841051 1 0.286305 296 0.812836 1 0.135111 0.158483
760 810 0.0397353 -1 0.454114 778 0.155229 -1 0.158169 754 0.168294 1 0.260984 0.163125
761 388 0.0857701 1 0.461844 775 0.0941772 1 0.219279 897 0.0429057 -1 0.195587 0.171942
762 40 0.199064 1 0.462677 131 0.361538 1 0.280911 436 0.258719 1 0.130379 0.179319
763 122 0.344494 -1 0.450869 865 0.132964 -1 0.0897794 764 0.0300928 -1 0.323493 0.175228
764 825 0.0286294 1 0.44856 86 0.333923 -1 0.363168 96 0.326404 -1 0.0592352 0.156457
765 692 0.286792 1 0.447517 420 0.138509 -1 0.043294 630 0.00359528 -1 0.381357 0.151854
766 682 0.0355403 1 0.456462 342 0.815438 -1 0.413704 350 0.780506 1 0.0194068 0.134585
767 7 0.205561 -1 0.454588 412 0.0460649 1 0.164682 585 0.0378744 -1 0.250889 0.170491
768 866 0.196086 1 0.460055 295 0.676615 1 0.106441 332 0.592794 -1 0.316179 0.156015
769 640 0.0618909 1 0.458361 644 0.225142 -1 0.279693 544 0.0798808 1 0.143518 0.154803
770 543 0.0304794 -1 0.457849 541 0.0281462 1 0.0949469 300 0.824792 1 0.32783 0.155693
771 404 0.188867 -1 0.4573 549 0.183792 -1 0.37072 867 0.243634 1 0.0562858 0.147038
772 697 0.144948 1 0.459822 409 0.0584818 1 0.0667852 719 0.314174 1 0.358057 0.151464
773 709 0.232323 -1 0.455404 169 0.417476 -1 0.389794 15 0.252805 1 0.035499 0.150541
774 899 0.379472 1 0.447753 27 0.202801 1 0.0123862 805 0.0191741 -1 0.414499 0.147286
775 346 0.737917 -1 0.461465 299 0.834693 -1 0.236122 583 0.0751323 -1 0.179864 0.169638
776 628 0.088225 1 0.454397 692 0.100121 -1 0.116767 611 0.0965081 1 0.300805 0.166374
777 359 0.681509 1 0.458803 139 0.327187 1 0.253804 358 0.728458 1 0.166235 0.161305
778 746 0.0542774 -1 0.456189 557 0.186172 -1 0.171134 818 0.0517195 -1 0.248389 0.162365
779 470 0.170986 1 0.455227 477 0.143834 -1 0.158299 711 0.335318 1 0.25917 0.166587
780 686 0.134 -1 0.455985 643 0.154051 -1 0.252486 643 0.248682 1 0.165647 0.165221
781 588 0.0849555 1 0.456907 789 0.0675501 1 0.242946 583 0.180274 1 0.175089 0.165422
782 737 0.114631 1 0.458749 419 0.23566 -1 0.0684957 349 0.605473 -1 0.361483 0.140969
783 435 0.0971931 1 0.456878 524 0.182224 -1 0.31144 751 0.107998 1 0.109523 0.15941
784 431 0.220159 1 0.451147 391 0.0912396 1 0.0675458 564 0.241529 1 0.356421 0.153255
785 509 0.104306 1 0.460198 894 0.105463 -1 0.288543 745 0.123198 1 0.128478 0.167506
786 321 0.729282 -1 0.461061 220 0.497305 1 0.170233 886 0.0944311 1 0.249244 0.162459
787 747 0.0380623 -1 0.454147 577 0.088655 1 0.136385 783 0.0260415 -1 0.284072 0.16045
788 643 0.0889881 1 0.455329 427 0.266245 -1 0.187881 61 0.153247 -1 0.234318 0.156875
789 32 0.187086 1 0.462904 841 0.0541855 1 0.316058 59 0.195218 1 0.10474 0.159749
790 890 0.163839 1 0.456226 809 0.16365 -1 0.130602 51 0.160747 -1 0.29391 0.152138
791 543 0.0685572 -1 0.46225 564 0.0761754 1 0.216452 255 0.576063 1 0.205789 0.156791
792 451 0.0514691 1 0.463685 592 0.0562441 1 0.277184 899 0.138567 1 0.140922 0.165277
793 844 0.139512 1 0.457438 518 0.112643 1 0.112887 134 0.321762 -1 0.301753 0.172409
794 106 0.323942 1 0.45397 222 0.496232 1 0.343473 476 0.20557 1 0.0709351 0.172886
795 215 0.474736 -1 0.440368 58 0.21327 1 0.0417429 593 0.041321 -1 0.367881 0.182759
796 583 0.089358 1 0.460471 580 0.11816 -1 0.264492 834 0.0650466 -1 0.151287 0.170062
797 808 0.0855582 1 0.460402 65 0.2665 -1 0.278085 55 0.261697 1 0.136597 0.172321
798 580 0.114404 1 0.457364 654 0.107936 -1 0.158388 650 0.251247 1 0.263867 0.156763
799 750 0.0815129 -1 0.45179 776 0.0529584 1 0.280832 301 0.750137 -1 0.130093 0.180072
800 628 0.0934196 1 0.456449 765 0.100824 1 0.10733 779 0.143945 1 0.311485 0.163819
801 887 0.129453 -1 0.463266 803 0.103994 -1 0.294344 559 0.179522 1 0.128315 0.155935
802 141 0.384297 1 0.459714 135 0.403725 -1 0.134965 53 0.194933 -1 0.278559 0.174708
803 52 0.21024 1 0.452259 236 0.527948 -1 0.228425 199 0.56838 1 0.186878 0.171042
804 794 0.0639865 1 0.462024 596 0.0333903 1 0.262857 433 0.0631393 -1 0.159849 0.155838
805 432 0.0931964 1 0.461306 492 0.181068 -1 0.222828 394 0.177345 1 0.199376 0.156866
806 863 0.0349781 -1 0.454907 890 0.0705245 1 0.100873 635 0.026924 -1 0.312786 0.174431
807 736 0.0297141 1 0.456872 847 0.11183 -1 0.3315 890 0.0729251 -1 0.0937954 0.150537
808 847 0.098078 1 0.457627 847 0.1727 -1 0.0808836 315 0.855293 1 0.340173 0.159218
809 144 0.36089 -1 0.456949 220 0.49688 1 0.289497 189 0.554942 1 0.130663 0.161059
810 728 0.0208877 -1 0.455057 547 0.0472355 1 0.100409 185 0.475441 -1 0.320406 0.159713
811 736 0.061264 1 0.461653 271 0.785839 -1 0.198377 798 0.14335 1 0.228273 0.147766
812 509 0.164963 1 0.460066 478 0.0695416 1 0.152865 329 0.640777 -1 0.271524 0.152393
813 797 0.174166 -1 0.464316 200 0.581891 -1 0.370488 636 0.196128 1 0.0583578 0.143281
814 414 0.00877444 -1 0.44251 230 0.50324 1 0.0268779 120 0.39139 1 0.389616 0.168591
815 160 0.349399 -1 0.461305 898 0.0479177 1 0.232601 71 0.243658 1 0.188452 0.159226
816 290 0.617568 -1 0.458051 132 0.394256 -1 0.104834 899 0.0404349 -1 0.320145 0.151182
817 207 0.51596 1 0.457645 292 0.658195 1 0.251816 867 0.188446 1 0.168455 0.160832
818 676 0.282435 1 0.459164 776 0.141952 1 0.0682163 802 0.131528 1 0.350433 0.164161
819 309 0.801155 -1 0.45742 568 0.102038 1 0.33948 568 0.100952 -1 0.0809415 0.160523
820 292 0.722819 -1 0.456594 60 0.223658 -1 0.169679 251 0.488745 -1 0.246716 0.168797
821 160 0.332757 1 0.458306 232 0.496976 1 0.292352 215 0.474736 -1 0.125841 0.165097
822 434 0.306231 1 0.450042 629 0.123824 -1 0.0452556 153 0.325207 -1 0.376131 0.158542
823 126 0.323016 1 0.459007 130 0.358006 1 0.336142 615 0.115408 1 0.0820191 0.165163
824 885 0.0388872 -1 0.442763 105 0.366922 -1 0.0434622 858 0.0300743 -1 0.366871 0.181294
825 220 0.595254 -1 0.45126 199 0.479197 1 0.419221 669 0.228879 1 0.00684042 0.148969
826 871 0.166562 1 0.451503 771 0.10576 1 0.0691108 810 0.202412 1 0.3524 0.158288
827 127 0.364569 -1 0.453188 217 0.556031 -1 0.265572 884 0.185218 1 0.144925 0.180954
828 245 0.563666 1 0.453295 660 0.0543795 1 0.0684488 523 0.180677 1 0.349358 0.165892
829 592 0.0433403 1 0.445692 798 0.0328285 1 0.381138 329 0.807233 1 0.0361317 0.166995
830 353 0.538683 -1 0.451992 351 0.179254 1 0.117355 621 0.00812844 -1 0.29933 0.168197
831 515 0.0773285 1 0.459184 64 0.290242 -1 0.19923 489 0.172681 1 0.215572 0.172074
832 506 0.0786327 -1 0.460126 41 0.20106 1 0.250256 809 0.0450177 -1 0.165862 0.169365
833 31 0.238988 -1 0.458606 808 0.0403998 1 0.277268 268 0.488484 -1 0.137389 0.172373
834 643 0.301507 1 0.449666 32 0.209087 1 0.0143714 630 0.0160203 -1 0.413814 0.144629
835 338 0.635608 1 0.459672 321 0.852356 -1 0.388817 512 0.136897 1 0.0402872 0.142753
836 333 0.525772 -1 0.450313 248 0.495679 1 0.0981751 631 0.271009 1 0.319494 0.166176
837 343 0.641122 1 0.460113 579 0.182179 -1 0.251619 329 0.82289 1 0.167598 0.162994
838 333 0.668891 -1 0.455288 670 0.0834868 1 0.209871 140 0.397193 1 0.206927 0.167967
839 391 0.192749 1 0.455573 319 0.789771 -1 0.18137 384 0.217902 1 0.231398 0.176267
840 547 0.0868199 1 0.456919 667 0.0524253 1 0.281378 574 0.126947 1 0.13144 0.176164
841 548 0.0316868 -1 0.443264 631 0.034265 1 0.0414662 455 0.0435613 -1 0.373753 0.171216
842 456 0.101595 1 0.456804 240 0.547992 -1 0.212974 463 0.118894 1 0.199778 0.176301
843 843 0.157935 1 0.45725 866 0.110303 1 0.11882 762 0.174434 1 0.295697 0.172662
844 777 0.138679 -1 0.456258 677 0.235556 -1 0.303346 490 0.136847 1 0.116998 0.16068
845 276 0.574898 -1 0.455611 811 0.0188765 1 0.0826504 8 0.331509 1 0.339899 0.156158
846 139 0.458513 -1 0.451235 6 0.307234 -1 0.423698 846 0.0087665 -1 0.00555992 0.14244
847 379 0.0768303 -1 0.453099 132 0.392951 -1 0.146013 256 0.565585 1 0.267096 0.175564
848 6 0.254749 1 0.458572 769 0.0599425 1 0.137997 832 0.165569 1 0.280053 0.165392
849 369 0.0971749 1 0.463627 301 0.818997 -1 0.219462 656 0.279853 1 0.208395 0.1453
850 691 0.189329 -1 0.461737 481 0.0585115 1 0.351598 605 0.0122099 -1 0.0767166 0.144366
851 683 0.360958 1 0.446226 682 0.401694 -1 0.0231472 339 0.893855 1 0.401597 0.151663
852 825 0.159148 -1 0.453976 139 0.309459 1 0.388585 161 0.324833 -1 0.0369307 0.150086
853 677 0.221953 1 0.449292 778 0.0615558 1 0.0900542 809 0.03435 -1 0.319126 0.183677
854 417 0.120599 1 0.460992 798 0.0736556 1 0.288877 33 0.198507 -1 0.122568 0.178998
855 498 0.181206 1 0.453045 495 0.104557 -1 0.0403634 689 0.0545774 -1 0.385369 0.149643
856 295 0.728951 -1 0.460943 682 0.0756499 1 0.218019 535 0.0475377 -1 0.199596 0.166285
857 536 0.0994911 1 0.46054 277 0.638384 1 0.159379 810 0.00750183 -1 0.261492 0.159598
858 784 0.0592467 1 0.457009 77 0.280196 -1 0.348844 776 0.125861 1 0.073577 0.156421
859 69 0.250413 1 0.45305 530 0.0714465 -1 0.111248 446 0.023698 -1 0.307112 0.164754
860 437 0.0976368 1 0.456242 103 0.419875 -1 0.295997 694 0.0540479 -1 0.130352 0.148381
861 697 0.102587 1 0.454687 667 0.173787 1 0.133019 446 0.0648577 -1 0.283213 0.16913
862 895 0.0373247 1 0.460664 338 0.873207 -1 0.338498 371 0.22563 1 0.0913843 0.141166
863 854 0.150428 1 0.446391 861 0.131676 -1 0.0858321 315 0.850353 1 0.333843 0.162053
864 761 0.203625 -1 0.459227 0 0.355811 -1 0.399303 589 0.155377 1 0.0319031 0.138465
865 627 0.181749 1 0.446978 850 0.0745796 1 0.0187355 643 0.337145 1 0.404651 0.154443
866 346 0.75136 -1 0.455697 220 0.49688 1 0.249789 329 0.68597 -1 0.166845 0.168304
867 346 0.78221 1 0.461012 144 0.325604 1 0.112625 591 0.174121 1 0.310474 0.155033
868 870 0.0515717 1 0.4534 657 0.314568 -1 0.351064 338 0.789309 1 0.0704198 0.158342
869 387 0.00888914 -1 0.450467 38 0.260436 -1 0.0307654 133 0.296318 -1 0.393756 0.152121
870 830 0.170035 -1 0.453302 24 0.126658 1 0.413276 475 0.033173 -1 0.015126 0.144188
871 458 0.291819 1 0.449139 850 0.067444 1 0.0426046 488 0.242259 1 0.374701 0.166922
872 619 0.0224873 1 0.458969 166 0.41524 -1 0.384434 248 0.545902 1 0.0440052 0.144111
873 629 0.00755468 -1 0.450768 799 0.0588787 1 0.0296394 716 0.0226761 -1 0.396889 0.148014
874 707 0.0807425 1 0.460921 198 0.481519 1 0.237609 305 0.590624 -1 0.183837 0.15842
875 609 0.075297 -1 0.460667 841 0.0955131 1 0.176606 763 0.192956 1 0.241128 0.166041
876 353 0.646697 -1 0.462576 889 0.24978 -1 0.184972 816 0.0539291 1 0.239392 0.15244
877 414 0.1896 1 0.453978 469 0.145312 -1 0.0784271 161 0.384892 1 0.341348 0.161847
878 825 0.08603 -1 0.458682 390 0.099962 1 0.237616 391 0.101849 -1 0.162438 0.20262
879 717 0.0831321 -1 0.457307 214 0.570913 -1 0.187621 130 0.413155 1 0.231454 0.163287
880 501 0.178682 1 0.458744 866 0.113547 1 0.0863755 276 0.852125 1 0.332202 0.164307
881 159 0.394881 -1 0.447659 718 0.0362078 1 0.366664 566 0.144608 1 0.04948 0.169312
882 719 0.0475454 -1 0.453934 479 0.0640856 1 0.125933 498 0.0466177 -1 0.287262 0.175386
883 847 0.0512466 -1 0.457592 223 0.572652 -1 0.192615 549 0.118349 1 0.229708 0.156623
884 186 0.502825 -1 0.461256 97 0.334343 -1 0.138366 216 0.547576 1 0.276091 0.172785
885 648 0.0423235 -1 0.458892 212 0.554876 -1 0.103934 846 0.00889397 -1 0.322498 0.148212
886 730 0.0236493 1 0.455866 219 0.594758 -1 0.342585 476 0.279762 1 0.0835864 0.148745
887 710 0.184497 1 0.45282 42 0.185073 1 0.0900311 8 0.173261 -1 0.326732 0.168039
888 55 0.192669 1 0.460311 377 0.0417956 1 0.313264 29 0.227319 1 0.109751 0.155204
889 638 0.20255 1 0.45598 309 0.796054 -1 0.0776089 476 0.0333953 -1 0.342162 0.161856
890 475 0.0480926 1 0.451265 289 0.769489 -1 0.379888 31 0.184704 -1 0.0445049 0.152383
891 289 0.708878 1 0.454891 608 0.165045 -1 0.190394 816 0.155117 1 0.231775 0.156937
892 564 0.149542 1 0.456491 560 0.143127 -1 0.171092 213 0.561254 1 0.250536 0.158047
893 692 0.123713 -1 0.458457 554 0.21242 -1 0.250347 302 0.633652 -1 0.16706 0.166714
894 842 0.126799 1 0.456639 453 0.125643 -1 0.215596 818 0.00520549 -1 0.203826 0.162572
895 766 0.136982 1 0.459204 793 0.128902 -1 0.216004 762 0.180931 1 0.194763 0.180396
896 872 0.0787927 -1 0.456141 808 0.0888649 1 0.208023 595 0.116903 1 0.20274 0.180406
897 193 0.526583 -1 0.459004 130 0.30945 1 0.229982 693 0.0505597 -1 0.192422 0.156457
898 182 0.537865 1 0.454866 132 0.347885 1 0.150666 480 0.281469 1 0.270149 0.159716
899 125 0.349214 -1 0.45662 35 0.251492 -1 0.232331 53 0.268035 1 0.167663 0.202746
900 573 0.146706 1 0.459215 440 0.0420684 1 0.143855 86 0.153938 -1 0.279658 0.154185
901 140 0.345857 1 0.450103 144 0.399474 -1 0.346545 144 0.301071 -1 0.0684825 0.17161
902 163 0.392874 1 0.449788 673 0.115897 1 0.047689 331 0.589337 -1 0.366271 0.173809
903 313 0.676816 1 0.453605 676 0.0662948 1 0.301294 341 0.72488 1 0.114443 0.170151
904 312 0.726109 -1 0.455738 45 0.201981 1 0.15706 484 0.211343 1 0.250841 0.186324
905 854 0.138421 1 0.456478 526 0.0383459 1 0.104279 366 0.0267267 -1 0.317274 0.158202
906 771 0.0357493 1 0.454556 887 0.221558 -1 0.397702 852 0.17176 1 0.0295602 0.146515
907 636 0.0295981 -1 0.451577 495 0.0571818 -1 0.0646233 884 0.168918 1 0.355611 0.160906
908 345 0.75796 -1 0.459049 398 0.0218151 1 0.289935 716 0.145588 1 0.132341 0.156718
909 36 0.16101 -1 0.45291 22 0.141332 1 0.0446435 370 0.286808 1 0.37355 0.165097
910 561 0.0619589 1 0.454906 310 0.828773 -1 0.299753 498 0.118075 1 0.113716 0.174822
911 849 0.170494 1 0.451241 568 0.0898027 1 0.0403943 830 0.0114523 -1 0.384133 0.152107
912 758 0.0558061 1 0.45372 596 0.122387 -1 0.34314 15 0.278507 1 0.0803329 0.154267
913 396 0.131158 1 0.459682 677 0.0786693 1 0.109807 306 0.831092 1 0.308699 0.164454
914 750 0.0747385 -1 0.458643 582 0.143413 -1 0.267385 591 0.167553 1 0.14956 0.167664
915 894 0.0407635 -1 0.45512 525 0.0158055 1 0.102889 597 0.164926 1 0.31735 0.160896
916 361 0.218387 -1 0.450947 439 0.0309226 1 0.334461 790 0.133719 1 0.0796545 0.173489
917 458 0.174307 1 0.453129 476 0.17083 -1 0.122041 467 0.19649 1 0.291121 0.175455
918 542 0.130646 -1 0.45906 564 0.0540356 1 0.346347 720 0.0135719 -1 0.0774832 0.153536
919 568 0.23834 1 0.456033 585 0.139037 -1 0.0625506 366 0.305127 1 0.357744 0.160783
920 77 0.315437 -1 0.448785 221 0.600681 -1 0.41838 765 0.0214275 -1 0.00641157 0.151567
921 386 0.20099 1 0.447374 379 0.150492 -1 0.0804228 368 0.00466836 -1 0.333402 0.174087
922 131 0.340719 1 0.453824 499 0.0676121 1 0.367687 220 0.510643 -1 0.0554386 0.154978
923 881 0.0378152 -1 0.451842 770 0.130658 -1 0.0755187 771 0.246562 1 0.344278 0.161805
924 21 0.13368 1 0.458969 106 0.427825 -1 0.431524 522 0.193921 1 0.00377694 0.130127
925 446 0.29142 1 0.444475 484 0.064202 1 0.0539759 443 0.395087 1 0.36306 0.167476
926 307 0.862408 -1 0.457892 245 0.594671 -1 0.412289 179 0.383218 1 0.0205636 0.135112
927 798 0.236759 1 0.446849 338 0.709886 1 0.0567265 567 0.270543 1 0.360897 0.166268
928 480 0.071095 1 0.461174 515 0.177475 -1 0.399735 645 0.0529359 -1 0.031963 0.137464
929 863 0.00745501 -1 0.449644 510 0.171823 -1 0.0134657 701 0.0326993 -1 0.414152 0.145789
930 710 0.0492643 1 0.457713 321 0.862551 -1 0.322436 302 0.786123 1 0.100631 0.155097
931 629 0.00421531 -1 0.448962 662 0.0298697 1 0.0128375 891 0.00160681 -1 0.416433 0.142414
932 121 0.325701 1 0.452993 792 0.203893 -1 0.38448 792 0.130495 1 0.0366596 0.159049
933 899 0.158921 1 0.450405 465 0.215438 -1 0.14319 898 0.163573 1 0.27036 0.174653
934 305 0.656069 -1 0.459114 4 0.276278 -1 0.143469 323 0.649739 -1 0.274444 0.165673
935 619 0.0500265 1 0.455159 822 0.128519 -1 0.261787 411 0.136845 1 0.1573 0.163261
936 78 0.230816 1 0.462446 770 0.0641648 1 0.196469 244 0.559508 1 0.223617 0.16121
937 503 0.147851 1 0.459334 301 0.683197 1 0.0919826 674 0.292714 1 0.326771 0.163946
938 135 0.361335 -1 0.458072 226 0.564896 -1 0.290603 139 0.419203 1 0.132066 0.155913
939 881 0.218137 1 0.449117 809 0.21375 -1 0.0541267 83 0.14928 -1 0.363849 0.165545
940 265 0.501908 1 0.458252 65 0.168362 1 0.291499 116 0.320997 -1 0.127157 0.164147
941 718 0.141881 1 0.457704 664 0.239651 -1 0.133551 858 0.211543 1 0.28802 0.158165
942 340 0.75156 -1 0.462097 321 0.694738 1 0.263815 546 0.172901 1 0.157122 0.159463
943 320 0.710014 -1 0.455416 238 0.496188 1 0.160121 45 0.196885 -1 0.253718 0.174059
944 267 0.505903 -1 0.457496 40 0.209314 1 0.153352 288 0.523157 -1 0.262872 0.169146
945 121 0.356551 1 0.458851 307 0.640366 1 0.264994 304 0.586589 -1 0.147965 0.175873
946 137 0.353151 -1 0.453769 899 0.0716637 1 0.187986 723 0.0132706 -1 0.221973 0.182068
947 198 0.505094 1 0.46012 895 0.163899 -1 0.288711 301 0.637595 -1 0.134721 0.154351
948 180 0.496291 -1 0.462817 539 0.057294 -1 0.0990946 728 0.129098 1 0.322695 0.157717
949 440 0.0470468 1 0.455212 668 0.31182 -1 0.32855 543 0.0503272 -1 0.0888432 0.166742
950 539 0.182761 1 0.450858 37 0.172315 1 0.0372366 458 0.390981 1 0.388542 0.149547
951 367 0.352 -1 0.45779 538 0.127331 -1 0.420146 556 0.106792 1 0.0128468 0.134825
952 541 0.0983845 1 0.460831 890 0.233974 -1 0.148251 844 0.173476 1 0.268482 0.1681
953 272 0.645677 -1 0.463593 646 0.0443213 1 0.196626 573 0.173799 1 0.224793 0.158476
954 635 0.0510856 -1 0.460022 427 0.121345 1 0.12955 719 0.0654312 -1 0.294077 0.153952
955 156 0.359076 1 0.459846 875 0.125108 1 0.195792 698 0.131719 1 0.222303 0.165299
956 712 0.098226 1 0.459585 865 0.0945803 1 0.20211 298 0.353702 -1 0.221689 0.153599
957 843 0.0422976 1 0.453172 129 0.442493 -1 0.398151 834 0.0438703 1 0.0267698 0.151302
958 170 0.292038 -1 0.445305 140 0.297075 1 0.0230074 891 0.00305877 -1 0.397786 0.159759
959 412 0.122686 -1 0.451099 241 0.559537 -1 0.303773 337 0.805719 1 0.11484 0.164236
960 245 0.55873 1 0.452332 221 0.600886 -1 0.0858655 650 0.0237867 -1 0.334244 0.161162
961 140 0.356503 1 0.457473 96 0.368321 -1 0.308597 51 0.181647 -1 0.111946 0.160272
962 699 0.14585 -1 0.458444 277 0.667483 1 0.29709 463 0.0497908 -1 0.121719 0.163833
963 848 0.0830055 -1 0.460229 64 0.1306 1 0.270067 120 0.406517 1 0.147901 0.16556
964 96 0.389387 1 0.452143 106 0.427825 -1 0.0565277 44 0.30319 1 0.360785 0.166908
965 176 0.364472 -1 0.450154 490 0.205365 -1 0.294693 381 0.177907 1 0.120321 0.171638
966 728 0.0157142 -1 0.451839 725 0.0324097 1 0.0758887 539 0.0200056 -1 0.337911 0.174139
967 654 0.142616 -1 0.460723 245 0.581131 -1 0.295193 620 0.106753 1 0.130668 0.14938
968 652 0.143227 1 0.453119 400 0.0868712 1 0.0730577 531 0.143088 1 0.34807 0.159072
969 621 0.0837382 -1 0.454234 686 0.155212 -1 0.258197 592 0.193008 1 0.154502 0.17641
970 685 0.124599 1 0.447661 580 0.0487848 1 0.23419 335 0.599567 -1 0.17663 0.180289
971 870 0.140228 1 0.446751 519 0.0528296 1 0.10731 323 0.829096 1 0.304837 0.177547
972 322 0.803991 -1 0.457804 77 0.280859 -1 0.333047 446 0.175923 1 0.0832034 0.169092
973 405 0.203723 1 0.450654 579 0.0875615 1 0.0642409 633 0.322501 1 0.349527 0.174206
974 667 0.0742356 1 0.452805 318 0.808592 -1 0.393741 415 0.0509032 -1 0.0278516 0.15812
975 789 0.154961 1 0.452911 592 0.0660017 1 0.143755 768 0.058876 -1 0.268484 0.17736
976 768 0.0954756 1 0.457367 418 0.129375 1 0.264356 849 0.153771 1 0.157289 0.158011
977 869 0.114338 -1 0.461043 577 0.101439 1 0.254516 621 0.0439122 -1 0.166769 0.15875
978 589 0.187914 1 0.459976 125 0.347304 -1 0.0329406 306 0.583499 -1 0.391453 0.15238
979 130 0.366632 1 0.445858 470 0.0897938 1 0.248286 406 0.194244 1 0.158314 0.189018
980 115 0.347843 -1 0.455449 223 0.542453 -1 0.223007 868 0.190477 1 0.189276 0.177268
981 188 0.529629 1 0.448419 244 0.531756 1 0.145557 50 0.24913 1 0.263943 0.183016
982 49 0.23277 -1 0.447653 340 0.818328 -1 0.254098 58 0.220916 -1 0.156821 0.180084
983 50 0.229242 1 0.452965 34 0.283301 -1 0.181829 773 0.0365338 -1 0.228799 0.180685
984 555 0.149161 1 0.456785 38 0.266159 -1 0.182159 570 0.0581119 -1 0.233008 0.171324
985 890 0.163131 1 0.461657 600 0.0337398 1 0.127568 765 0.145171 1 0.290511 0.165331
986 873 0.0856928 -1 0.46226 472 0.173244 -1 0.235784 733 0.0767653 1 0.177481 0.175242
987 481 0.190194 1 0.447113 508 0.200909 -1 0.0862185 285 0.899565 1 0.329789 0.169592
988 709 0.0470468 1 0.455838 664 0.227253 -1 0.358209 784 0.174157 1 0.0687265 0.147183
989 818 0.0284272 -1 0.456031 636 0.163821 -1 0.130652 675 0.280535 1 0.28431 0.171744
990 414 0.123166 1 0.458548 667 0.0771556 1 0.1345 353 0.604569 -1 0.280197 0.172291
991 343 0.641122 1 0.454808 822 0.0727734 1 0.248842 533 0.141616 1 0.170574 0.162586
992 315 0.710671 -1 0.460257 61 0.270667 -1 0.220195 479 0.215296 1 0.197065 0.167014
993 89 0.274901 1 0.461233 590 0.19792 -1 0.0887819 862 0.169618 1 0.335865 0.151862
994 861 0.124587 -1 0.454032 799 0.0821468 1 0.294101 15 0.191617 -1 0.120614 0.172253
995 476 0.0532013 -1 0.461757 445 0.0443532 1 0.112318 638 0.203159 1 0.310145 0.156335
996 467 0.118207 1 0.450296 797 0.208112 -1 0.201735 501 0.142364 1 0.209501 0.179429
997 332 0.568029 -1 0.456598 706 0.0413649 1 0.0830676 348 0.583691 -1 0.338925 0.157299
998 140 0.359592 1 0.452645 319 0.618863 1 0.283731 172 0.317287 -1 0.128677 0.177011
999 396 0.21093 1 0.450218 817 0.0149342 1 0.0594549 714 0.00745809 -1 0.356016 0.170697
