nWC | f, sP, d, e |  f, sP, d, e | f, sP, d, e | alpha
0 1847 0.180875 1 0.305692 3556 0.0500218 1 0.169826 3296 1.28225e-08 -1 0.0975224 0.504059
1 2184 0.133231 1 0.33559 1310 0.638474 -1 0.136363 2248 0.174925 1 0.151443 0.453033
2 1940 0.16318 1 0.366371 3119 0.0466981 1 0.23037 1688 0.00429663 -1 0.0816015 0.39546
3 4044 0.109664 1 0.381029 1597 0.58174 -1 0.158522 3943 0.118591 1 0.166614 0.365134
4 209 0.217553 -1 0.385114 1039 0.521058 -1 0.165514 1356 0.790904 1 0.154707 0.376378
5 287 0.299843 1 0.392639 3994 0.0452623 1 0.10794 3775 0.00289661 -1 0.238794 0.316714
6 614 0.343745 1 0.383843 696 0.370271 -1 0.17576 258 0.340508 1 0.149707 0.364379
7 2631 0.120087 1 0.404211 1775 0.130043 1 0.155523 3990 0.176359 1 0.191976 0.315024
8 1853 0.0667142 -1 0.411397 2266 0.0230351 1 0.236337 2911 0.000900236 -1 0.121336 0.292741
9 1829 0.124161 1 0.414016 3907 0.145171 -1 0.24127 1685 0.0258094 -1 0.12217 0.280232
10 3591 0.173221 1 0.39898 1963 0.118637 1 0.0913418 3744 0.00192469 -1 0.262138 0.30189
11 56 0.222175 1 0.42055 209 0.273136 -1 0.268677 1481 0.594425 -1 0.100214 0.268488
12 2231 0.149367 1 0.420577 2098 0.117774 -1 0.0903853 2266 0.128237 1 0.282896 0.259083
13 1925 0.105977 1 0.424036 1896 0.22025 -1 0.260333 1893 0.133939 1 0.120493 0.243021
14 2074 0.0395819 -1 0.422006 614 0.324961 1 0.132613 2189 0.174939 1 0.243807 0.252386
15 1033 0.499538 -1 0.419433 1058 0.485714 1 0.193054 244 0.138238 -1 0.171509 0.277807
16 254 0.252264 1 0.419779 1811 0.116683 1 0.259257 687 0.392626 1 0.117358 0.251971
17 2692 0.108966 1 0.425447 2635 0.090626 -1 0.184261 2628 0.13501 1 0.199457 0.236898
18 1489 0.717096 -1 0.425922 1495 0.550192 1 0.237812 1586 0.655811 -1 0.130299 0.270164
19 2111 0.0145335 -1 0.424404 959 0.476286 1 0.0939825 4073 0.206222 1 0.289608 0.237169
20 3515 0.082495 1 0.437981 1501 0.669275 -1 0.22005 139 0.148828 -1 0.170562 0.22237
21 3135 0.066611 -1 0.436637 2747 0.0284634 1 0.162347 3147 0.0538178 -1 0.225823 0.227506
22 1871 0.0762577 -1 0.424502 1968 0.104355 1 0.114434 2062 0.0270239 -1 0.262184 0.251964
23 2385 0.0829954 1 0.431225 1797 0.0627987 1 0.23282 2420 0.110751 1 0.149611 0.239622
24 3988 0.106281 1 0.436477 3627 0.0872526 -1 0.209216 3922 0.164138 1 0.176229 0.233249
25 1687 0.0654162 -1 0.440056 2261 0.0557695 1 0.160611 2774 0.0164048 -1 0.224512 0.233931
26 3555 0.108471 1 0.437861 2244 0.0729325 1 0.164754 3492 0.127665 1 0.222575 0.229276
27 1505 0.703331 -1 0.430844 3975 0.0387848 1 0.274827 3299 0.242529 1 0.11249 0.229302
28 4159 0.0108707 -1 0.436458 406 0.201831 1 0.0802259 1664 0.320711 1 0.316781 0.208976
29 896 0.492556 1 0.432217 1033 0.542899 -1 0.287216 2310 0.197441 1 0.0992545 0.231086
30 242 0.192929 -1 0.437796 285 0.167037 1 0.156786 480 0.312941 -1 0.234005 0.221994
31 4026 0.0993534 1 0.439496 4159 0.0977922 -1 0.138092 4089 0.135292 1 0.249359 0.22902
32 1659 0.654765 -1 0.436047 3195 0.0580664 1 0.263602 1417 0.644476 -1 0.124361 0.22794
33 614 0.365825 1 0.435073 923 0.497765 1 0.113886 1033 0.47492 -1 0.262539 0.252377
34 625 0.349645 -1 0.438304 614 0.324134 1 0.289009 2917 0.303524 1 0.0960254 0.234117
35 2099 0.029825 -1 0.43072 2548 0.017489 1 0.0938653 3359 0.00892371 -1 0.289676 0.237272
36 4040 0.108796 1 0.436335 2663 0.0454571 1 0.242663 3977 0.151774 1 0.143173 0.232423
37 1513 0.671219 -1 0.438058 2220 0.0634752 1 0.186708 1213 0.566782 1 0.200375 0.229795
38 2210 0.118443 -1 0.441783 1972 0.412793 -1 0.320697 1417 0.543515 -1 0.0819699 0.197183
39 2165 0.148001 1 0.434906 2206 0.0960202 -1 0.0720891 3328 0.00325328 -1 0.32059 0.218032
40 1912 0.150557 1 0.435541 1466 0.620007 1 0.245411 4055 0.18037 1 0.143077 0.226836
41 1375 0.46026 -1 0.442117 1822 0.010404 1 0.215623 3297 0.186051 1 0.182811 0.205997
42 1511 0.758364 1 0.43741 3540 0.0736464 -1 0.154629 3120 0.301492 1 0.228456 0.238238
43 3689 0.0794531 -1 0.438965 3560 0.0393315 1 0.236981 3726 0.058043 -1 0.158842 0.211452
44 4079 0.108855 1 0.441977 1619 0.787315 -1 0.144838 3951 0.143854 1 0.251204 0.210992
45 1869 0.163535 -1 0.446902 3630 0.0932904 -1 0.238574 3906 0.0338989 -1 0.155488 0.215135
46 3279 0.0624184 1 0.444739 3067 0.0708982 1 0.241721 2292 0.135928 1 0.159767 0.199634
47 3200 0.0244436 -1 0.432206 1827 0.260609 -1 0.0893171 3712 0.00514114 -1 0.305507 0.21354
48 3681 0.0274621 1 0.437198 290 0.183449 1 0.290938 3877 0.13562 1 0.105627 0.2099
49 203 0.181238 -1 0.4438 96 0.166858 1 0.114506 4045 0.144263 1 0.283066 0.207796
50 24 0.267445 1 0.446554 562 0.360249 -1 0.176658 1864 0.0371259 -1 0.227834 0.193393
51 2244 0.118427 1 0.441945 613 0.337076 1 0.191049 2248 0.232149 1 0.201783 0.217711
52 2811 0.0901385 1 0.44577 1276 0.699868 -1 0.177488 3712 0.0125843 -1 0.223102 0.201503
53 197 0.252756 -1 0.443915 1424 0.819314 -1 0.24985 3525 0.0363652 -1 0.148776 0.205597
54 3941 0.14669 1 0.438753 4006 0.171202 -1 0.114751 2167 0.256754 1 0.286832 0.199436
55 453 0.36919 -1 0.430038 1773 0.0586573 1 0.356246 192 0.309591 1 0.044715 0.200731
56 1498 0.769952 1 0.444285 1594 0.690974 -1 0.119798 1695 0.00396547 -1 0.282883 0.197153
57 1813 0.188733 1 0.44098 1807 0.398822 -1 0.230702 1561 0.769033 1 0.158942 0.224405
58 3113 0.0566542 -1 0.450441 1832 0.214851 -1 0.149307 4074 0.173238 1 0.240491 0.224081
59 2639 0.0843699 -1 0.447856 3435 0.0165949 1 0.279393 3059 0.0220486 -1 0.12236 0.199083
60 2071 0.0414609 -1 0.446055 3483 0.0594665 1 0.100246 853 0.494921 -1 0.293661 0.21546
61 913 0.499053 1 0.444767 1925 0.0734848 1 0.229943 3151 0.132389 1 0.169969 0.202917
62 2925 0.0146324 -1 0.437588 2968 0.0190124 1 0.0497581 2976 0.2663 1 0.354018 0.194878
63 1382 0.685968 1 0.445226 1446 0.869898 -1 0.272309 1477 0.74104 1 0.125089 0.20816
64 3135 0.017283 -1 0.437847 1501 0.600225 -1 0.0381435 959 0.583002 1 0.368723 0.188466
65 1000 0.519428 -1 0.440166 347 0.184401 1 0.279978 1324 0.598932 -1 0.113352 0.216668
66 619 0.34754 1 0.431528 1052 0.482176 1 0.144971 2232 0.187591 1 0.247033 0.219446
67 1043 0.499163 -1 0.442032 1029 0.487611 1 0.201277 3875 0.0220403 -1 0.193719 0.213179
68 4007 0.0984593 1 0.449057 1803 0.0849428 1 0.272518 4070 0.132248 1 0.134011 0.189165
69 1663 0.450686 -1 0.448685 2587 0.0296249 1 0.217469 2911 0.0117305 -1 0.190314 0.18657
70 2691 0.120599 1 0.445077 2787 0.107678 -1 0.153366 2756 0.139602 1 0.244474 0.207237
71 1462 0.781528 -1 0.445374 3131 0.0564362 1 0.321772 1453 0.531014 -1 0.0824981 0.193853
72 3958 0.15436 1 0.44275 3603 0.0839342 -1 0.097896 3830 0.152894 1 0.304102 0.198574
73 1914 0.0420561 1 0.443064 1937 0.341806 -1 0.329676 4082 0.187043 1 0.0740029 0.19508
74 290 0.29826 1 0.443931 710 0.323871 1 0.119093 1436 0.478077 -1 0.281605 0.201279
75 2695 0.114251 1 0.441474 2697 0.123607 -1 0.193407 1850 0.20556 1 0.208222 0.19934
76 1414 0.73498 1 0.445098 1449 0.736645 -1 0.235598 1254 0.249062 -1 0.160405 0.211072
77 1970 0.123103 1 0.436274 1980 0.101124 -1 0.306835 2033 0.125942 1 0.0917504 0.205681
78 4004 0.105108 1 0.449145 645 0.330322 1 0.207877 3908 0.160431 1 0.192667 0.2016
79 578 0.329955 -1 0.435818 1248 0.140711 1 0.184161 2017 0.153421 1 0.2105 0.213881
80 2186 0.159397 1 0.442474 2274 0.109649 -1 0.137061 2281 0.205335 1 0.259634 0.209626
81 1434 0.670518 1 0.447563 1338 0.6893 -1 0.236543 1370 0.701009 1 0.161859 0.206062
82 3276 0.0193983 1 0.436794 3361 0.201323 -1 0.339445 3988 0.16951 1 0.0608424 0.202135
83 2475 0.135937 1 0.437199 3080 0.0572222 1 0.0803349 2254 0.187484 1 0.32084 0.200285
84 2080 0.0757705 -1 0.445477 4026 0.0237444 1 0.269563 1614 0.622123 -1 0.132377 0.198693
85 1088 0.516311 1 0.43026 1808 0.0942409 1 0.153527 1106 0.452851 -1 0.230192 0.236897
86 1425 0.682459 -1 0.440235 3054 0.0564511 1 0.19519 1454 0.640076 -1 0.196399 0.220319
87 1931 0.131896 1 0.44679 4136 0.110461 -1 0.280708 107 0.156611 -1 0.123109 0.194791
88 3556 0.149864 1 0.447367 1072 0.549001 -1 0.0995545 1582 0.825433 1 0.311338 0.180139
89 639 0.34904 -1 0.437291 3078 0.220554 -1 0.338501 208 0.153755 -1 0.062416 0.200823
90 2495 0.00436009 -1 0.436343 3840 0.139404 -1 0.0323725 4159 0.00557896 -1 0.373391 0.190754
91 3882 0.0427616 1 0.437474 187 0.183704 1 0.342922 3984 0.189251 1 0.0621297 0.19223
92 1449 0.547079 -1 0.443549 2341 0.0674621 1 0.076347 2727 0.161194 1 0.329695 0.190177
93 2538 0.106667 -1 0.443832 2078 0.0121531 1 0.318427 2511 0.0618004 -1 0.0900804 0.185069
94 1689 0.0304572 -1 0.448116 1816 0.0314494 1 0.128639 3768 0.139945 1 0.282101 0.180455
95 3591 0.106377 1 0.449189 3875 0.120354 -1 0.215545 1485 0.813334 1 0.188192 0.194957
96 1942 0.236371 1 0.446775 242 0.296645 -1 0.187041 4130 0.0259552 -1 0.215542 0.197356
97 2071 0.0468964 -1 0.448099 3991 0.0592795 1 0.118997 3511 0.0232606 -1 0.28394 0.196622
98 2113 0.0586775 1 0.448105 1032 0.532777 -1 0.186065 2193 0.176425 1 0.217561 0.195188
99 582 0.344316 1 0.447231 1180 0.479511 1 0.209361 1048 0.483277 -1 0.18427 0.216038
100 611 0.333104 -1 0.445057 1410 0.73054 -1 0.179037 2464 0.0130838 -1 0.219233 0.20634
101 603 0.324121 1 0.447396 893 0.497129 1 0.306416 4085 0.177856 1 0.101393 0.186516
102 890 0.492327 -1 0.44482 3684 0.100486 -1 0.11664 2216 0.221936 1 0.282757 0.203989
103 4099 0.0399015 1 0.441436 2113 0.136868 -1 0.304268 2006 0.0433198 -1 0.101031 0.191716
104 2527 0.00596929 -1 0.44175 1278 0.112596 1 0.0243921 1885 0.010511 -1 0.38177 0.189927
105 2266 0.0625897 1 0.437649 1274 0.687205 -1 0.238769 2168 0.111142 1 0.143004 0.241014
106 3265 0.0482823 1 0.438034 4004 0.0549131 1 0.27112 2936 0.26299 1 0.127038 0.206573
107 3452 0.0995593 1 0.447645 508 0.318203 1 0.134725 3834 0.0980037 1 0.275934 0.180621
108 984 0.50916 -1 0.45194 549 0.325749 1 0.240998 1065 0.496314 -1 0.162142 0.1962
109 1893 0.194757 1 0.448553 1928 0.305483 -1 0.112953 1858 0.18262 1 0.29568 0.18481
110 3107 0.0880176 1 0.44 3910 0.0445794 1 0.289049 194 0.346375 1 0.113705 0.197001
111 2631 0.156595 1 0.444118 1427 0.763751 -1 0.118466 3553 0.0177954 -1 0.283523 0.198594
112 3272 0.195862 -1 0.44706 3033 0.0582963 1 0.360567 3780 0.204967 1 0.0475489 0.18588
113 2261 0.118701 1 0.450497 2173 0.0990866 -1 0.171795 3926 0.16004 1 0.23165 0.195567
114 3007 0.0712396 -1 0.448339 1778 0.114778 1 0.169126 1416 0.64982 -1 0.233578 0.197105
115 1062 0.521165 1 0.44648 523 0.329997 1 0.158167 4086 0.185973 1 0.245464 0.195179
116 712 0.335408 -1 0.443478 1001 0.498898 -1 0.191561 1695 0.0200809 -1 0.207299 0.20511
117 2141 0.0332202 1 0.445537 270 0.273182 -1 0.22126 2259 0.142864 1 0.173637 0.213387
118 4159 0.0462566 -1 0.443979 2708 0.0933732 -1 0.246385 3060 0.175249 1 0.152221 0.205639
119 1466 0.780175 1 0.446321 1457 0.723319 -1 0.108277 2384 0.195822 1 0.295059 0.195792
120 645 0.395392 -1 0.44208 2442 0.0337453 1 0.380949 1053 0.630079 1 0.027059 0.186102
121 2477 0.0365896 -1 0.443301 2381 0.043498 1 0.0907792 16 0.167519 -1 0.314704 0.191334
122 135 0.200792 1 0.43828 253 0.231028 1 0.307573 1837 0.120124 -1 0.0896017 0.208626
123 2244 0.165335 1 0.439004 2274 0.148889 -1 0.0987633 2180 0.167887 1 0.300946 0.203338
124 1971 0.177807 1 0.447357 3035 0.285558 -1 0.241381 1968 0.175179 1 0.160198 0.199445
125 3250 0.111039 1 0.441182 3612 0.141539 -1 0.126958 3773 0.00301641 -1 0.279862 0.188564
126 1592 0.707425 -1 0.447558 3611 0.0425928 1 0.264164 2100 0.0219395 -1 0.140907 0.19219
127 1708 0.138843 1 0.449429 3496 0.0351357 1 0.217686 2040 0.238927 1 0.189365 0.188085
128 2923 0.103197 1 0.438893 3115 0.144604 -1 0.145916 581 0.358227 1 0.245492 0.220698
129 489 0.339075 -1 0.438371 645 0.327289 1 0.238621 1346 0.47045 -1 0.161797 0.201861
130 712 0.335408 -1 0.448008 446 0.346959 -1 0.197467 1367 0.578019 -1 0.21003 0.187161
131 989 0.525444 1 0.447612 1068 0.567476 -1 0.0926821 3120 0.277738 1 0.30551 0.206502
132 1810 0.0966573 1 0.444969 2967 0.0215373 1 0.362458 1873 0.172636 1 0.0464154 0.184313
133 1237 0.491234 -1 0.440158 2157 0.0421649 1 0.114552 931 0.552403 1 0.288211 0.196984
134 3478 0.0381023 -1 0.44813 868 0.543959 -1 0.171292 3122 0.0241206 -1 0.235475 0.188672
135 210 0.198994 -1 0.449321 3167 0.18632 -1 0.169285 1383 0.769861 1 0.226387 0.211766
136 2077 0.0231586 -1 0.445811 2083 0.057668 -1 0.130719 2469 0.141387 1 0.269017 0.203283
137 376 0.203829 1 0.444364 2433 0.146802 -1 0.31201 3885 0.157007 1 0.0882155 0.202263
138 2488 0.0257077 -1 0.449954 3992 0.0375363 1 0.100317 3302 0.212872 1 0.309213 0.182954
139 4072 0.127731 1 0.450901 2728 0.0316189 1 0.17711 4009 0.174013 1 0.219493 0.20982
140 1442 0.625646 -1 0.443376 1031 0.552771 -1 0.172245 1481 0.547872 -1 0.225011 0.208457
141 2115 0.0693395 1 0.447589 136 0.172091 1 0.199239 2212 0.140842 1 0.204148 0.195687
142 275 0.188301 -1 0.44199 1413 0.831099 -1 0.122863 2527 0.00329105 -1 0.284885 0.186642
143 3483 0.0603122 1 0.442804 1469 0.672216 -1 0.299523 3806 0.140939 1 0.11019 0.182577
144 1972 0.162751 1 0.450972 1903 0.205589 -1 0.270206 3909 0.129515 1 0.142242 0.176928
145 2342 0.132522 1 0.445275 3623 0.0347681 1 0.129412 2407 0.137889 1 0.276696 0.190039
146 83 0.251003 1 0.447288 209 0.267601 -1 0.182071 2233 0.104094 1 0.212331 0.214423
147 1262 0.639704 -1 0.446016 3006 0.0298308 1 0.187877 3348 0.0278221 -1 0.215346 0.196027
148 3107 0.138701 1 0.451431 123 0.219923 1 0.192246 2886 0.0163864 -1 0.2137 0.190375
149 1966 0.12854 1 0.45139 2964 0.0255589 1 0.295348 1720 0.297645 1 0.112897 0.185612
150 3962 0.0997333 1 0.449393 4029 0.0930142 -1 0.155818 3988 0.175382 1 0.245843 0.199275
151 614 0.356734 1 0.449466 3130 0.0588182 1 0.159466 1685 0.0308089 -1 0.240675 0.202438
152 1071 0.515545 -1 0.448806 3151 0.0647363 1 0.29834 2897 0.00430644 -1 0.107688 0.190205
153 1807 0.123445 1 0.450252 2811 0.0431785 1 0.290581 2995 0.00934651 -1 0.113248 0.194768
154 1714 0.221595 1 0.449759 1745 0.426009 -1 0.11804 2085 0.00766669 -1 0.290966 0.184038
155 3148 0.13211 -1 0.44717 895 0.477929 1 0.325949 4072 0.238776 1 0.081445 0.187375
156 1016 0.499613 -1 0.446353 3055 0.0393508 1 0.191632 150 0.292511 1 0.207227 0.205111
157 626 0.331364 1 0.448941 991 0.491936 1 0.226231 2443 0.168107 1 0.177848 0.19425
158 564 0.320645 -1 0.450063 996 0.55623 -1 0.0868418 2495 0.0167322 -1 0.319849 0.188832
159 3295 0.115841 -1 0.450716 3256 0.0436274 1 0.241618 1000 0.481858 -1 0.15276 0.214473
160 3363 0.0551883 1 0.453171 3108 0.228923 -1 0.237501 2912 1.50975e-08 -1 0.164579 0.198404
161 3395 0.112463 -1 0.449932 3573 0.0748808 -1 0.318054 708 0.357856 1 0.0899436 0.186126
162 4121 0.151597 1 0.441194 4150 0.193089 -1 0.0504583 1732 0.379532 1 0.358316 0.184516
163 2663 0.0296183 1 0.440343 246 0.321249 -1 0.391074 2094 0.11391 1 0.0207443 0.178227
164 2067 0.0292835 -1 0.439683 4019 0.0341872 1 0.070179 3744 0.013043 -1 0.33849 0.184735
165 4076 0.0845751 1 0.452884 1481 0.726676 -1 0.252133 2370 0.00836793 -1 0.160124 0.17732
166 1412 0.735483 1 0.449002 100 0.194927 1 0.222787 1508 0.759815 1 0.161264 0.236194
167 215 0.154861 -1 0.451756 87 0.147519 1 0.0388774 3679 0.0058434 -1 0.373324 0.177436
168 934 0.419637 1 0.428501 1031 0.56922 -1 0.406955 2374 0.320676 1 0.00105762 0.186094
169 1247 0.588402 1 0.44222 1477 0.734768 1 0.0176079 1540 0.539954 -1 0.389108 0.18878
170 1601 0.559007 1 0.447852 262 0.192312 1 0.259609 1411 0.513861 -1 0.143779 0.195685
171 197 0.236312 -1 0.439893 3271 0.0391418 1 0.19113 410 0.295499 1 0.201833 0.217437
172 2020 0.179881 1 0.449361 2352 0.0556744 1 0.113628 2088 0.130722 1 0.293462 0.188005
173 2118 0.0922946 -1 0.45311 643 0.351487 -1 0.260382 231 0.311559 1 0.149002 0.183256
174 581 0.345495 1 0.429031 3047 0.20936 -1 0.197905 646 0.350063 1 0.184212 0.240285
175 648 0.33329 -1 0.443172 3111 0.184213 -1 0.170863 3027 0.180774 1 0.233545 0.193565
176 2631 0.142949 1 0.442913 2772 0.0947894 -1 0.142318 3601 0.0445901 -1 0.259068 0.199847
177 2261 0.124436 1 0.446638 2643 0.0845699 -1 0.16161 2329 0.134812 1 0.235935 0.207853
178 3099 0.0882517 1 0.451304 2878 0.0283922 1 0.323815 332 0.143014 -1 0.0872818 0.179717
179 2191 0.121901 1 0.446623 2286 0.0904427 -1 0.139109 4026 0.139302 1 0.254134 0.216851
180 575 0.350814 -1 0.444923 574 0.316698 1 0.350461 541 0.457755 1 0.0599983 0.181033
181 2913 0.173219 1 0.447114 1477 0.848187 -1 0.099864 3770 0.017366 -1 0.314028 0.173949
182 3559 0.0942522 1 0.450534 1436 0.737484 -1 0.250232 3530 0.0922865 1 0.156457 0.188835
183 2168 0.134202 1 0.447431 2131 0.151795 -1 0.0901816 2223 0.158763 1 0.312958 0.196199
184 1849 0.0838252 1 0.449443 2906 0.0898386 -1 0.297387 1791 0.0841153 1 0.109185 0.189078
185 3556 0.107783 1 0.451636 3491 0.112641 -1 0.198672 3620 0.12603 1 0.196982 0.211803
186 3855 0.0546094 1 0.444767 3397 0.168452 -1 0.316126 1546 0.607539 -1 0.088957 0.192164
187 209 0.163874 -1 0.44307 1973 0.132018 1 0.0968808 4017 0.205661 1 0.312769 0.182708
188 4159 0.0342686 -1 0.45243 369 0.300996 -1 0.20441 3152 0.180537 1 0.199757 0.194065
189 120 0.20041 1 0.449026 3972 0.0743766 1 0.335946 3828 0.134897 1 0.0771897 0.175509
190 852 0.490965 -1 0.446727 1905 0.364661 -1 0.119247 1055 0.562625 1 0.284913 0.194083
191 1407 0.469993 -1 0.449854 2860 0.135591 -1 0.206427 3029 0.109998 1 0.189847 0.210508
192 3505 0.0493781 -1 0.449079 3535 0.0231848 1 0.168718 2925 0.179292 1 0.230195 0.204999
193 3989 0.109451 1 0.451565 3443 0.0835148 -1 0.20388 2325 0.159292 1 0.202567 0.189337
194 3710 0.0718652 1 0.45345 2186 0.0529893 1 0.173146 290 0.303063 1 0.237781 0.180066
195 3846 0.120017 1 0.449301 4035 0.131085 -1 0.127353 2276 0.152579 1 0.287068 0.172858
196 1863 0.0873242 -1 0.446833 4001 0.0315483 1 0.151682 2578 0.0160256 -1 0.250139 0.198941
197 3076 0.091176 1 0.450648 581 0.334266 1 0.248214 2929 0.167671 1 0.159724 0.186247
198 1538 0.697867 -1 0.451898 210 0.276465 -1 0.266454 200 0.302951 1 0.138295 0.192859
199 1550 0.812541 1 0.452322 1450 0.770534 -1 0.0731012 2479 0.166737 1 0.341779 0.171913
200 733 0.353466 -1 0.441575 3938 0.162901 -1 0.354827 248 0.174221 -1 0.0507088 0.191225
201 2313 0.168095 1 0.442549 3131 0.0936333 1 0.0525594 2374 0.186309 1 0.353044 0.191085
202 1219 0.496703 1 0.450323 2959 0.190629 -1 0.269034 801 0.315984 -1 0.138057 0.188001
203 1700 0.134715 1 0.45028 1734 0.316896 -1 0.159573 4079 0.116934 1 0.246881 0.189321
204 2470 0.0339609 -1 0.450547 2311 0.0387625 1 0.0928879 4039 0.152711 1 0.311385 0.193847
205 1848 0.292361 1 0.447469 1841 0.307486 -1 0.105055 2069 0.0360765 -1 0.303303 0.185378
206 968 0.505603 -1 0.449858 2411 0.0471626 1 0.233245 2149 0.0317157 -1 0.173879 0.187934
207 1062 0.510386 1 0.448382 647 0.334096 1 0.211857 2280 0.0431119 -1 0.192459 0.193757
208 2035 0.180172 1 0.454095 2074 0.138942 -1 0.169626 1931 0.20454 1 0.242287 0.17803
209 1044 0.492207 -1 0.449229 994 0.463852 1 0.158159 1033 0.490403 -1 0.242639 0.201072
210 945 0.493487 1 0.442238 2242 0.120376 -1 0.258431 1699 0.235791 1 0.139693 0.206642
211 1263 0.60478 -1 0.453386 2765 0.0154927 1 0.168564 2943 0.0590943 -1 0.235654 0.193961
212 1693 0.02472 -1 0.44646 2142 0.00899495 1 0.151867 2111 0.0101547 -1 0.243642 0.212108
213 2534 0.0421566 1 0.443856 3048 0.129342 -1 0.28401 2631 0.18254 1 0.119211 0.196032
214 1830 0.110112 1 0.447943 2631 0.0657864 1 0.269616 1766 0.139487 1 0.13255 0.198225
215 1466 0.793758 1 0.450458 2856 0.0468173 1 0.0858722 4047 0.0452159 -1 0.317385 0.195956
216 2089 0.122728 -1 0.443587 371 0.32854 -1 0.313215 2087 0.066721 -1 0.0930352 0.189745
217 3327 0.00572247 -1 0.440908 3706 0.00679264 1 0.0132071 3729 0.00718807 -1 0.401582 0.172101
218 350 0.248555 1 0.43805 3707 0.0277264 1 0.275111 3485 0.104402 1 0.122403 0.207918
219 3252 0.0525195 -1 0.450672 725 0.3731 -1 0.177703 1262 0.812569 1 0.228882 0.18905
220 3698 0.0310588 1 0.454883 3733 0.0749975 -1 0.308715 0 0.338888 1 0.105155 0.173995
221 197 0.252318 -1 0.448691 1648 0.691205 -1 0.250932 1847 0.401331 1 0.159487 0.181117
222 3987 0.0457526 1 0.437587 3285 0.0162313 1 0.357734 3890 0.106908 1 0.0491682 0.188393
223 362 0.31237 1 0.446367 55 0.228338 1 0.0545818 2219 0.178403 1 0.357604 0.177469
224 2457 0.0565799 1 0.450907 4127 0.0232816 1 0.221421 1707 0.182907 1 0.185828 0.187676
225 2249 0.092663 -1 0.450124 2152 0.0631084 1 0.16235 2153 0.0755504 -1 0.233396 0.21161
226 4159 0.0245633 -1 0.447881 1224 0.544478 -1 0.165979 898 0.537859 1 0.239977 0.190354
227 3623 0.0781802 1 0.451472 1451 0.73751 -1 0.263102 3464 0.0836994 1 0.143366 0.189294
228 3910 0.172842 1 0.449838 2127 0.0522846 1 0.0687924 3946 0.184069 1 0.336705 0.191306
229 444 0.355189 -1 0.440847 1526 0.538818 1 0.365236 236 0.177662 -1 0.0450736 0.181343
230 2727 0.157405 1 0.445503 1860 0.0688428 1 0.0622408 2911 0.00188674 -1 0.345313 0.187044
231 1745 0.372476 -1 0.439782 1007 0.555497 -1 0.366944 2197 0.132579 1 0.0412507 0.185718
232 620 0.35625 1 0.432142 530 0.357722 -1 0.10109 817 0.367301 1 0.284766 0.232381
233 2557 0.0281036 1 0.441877 1796 0.0390771 1 0.33589 2554 0.0709366 1 0.0716251 0.187124
234 3719 0.0318459 -1 0.441704 2984 0.102128 -1 0.116554 3754 0.242115 1 0.293436 0.182001
235 2730 0.041541 1 0.445775 1480 0.783262 -1 0.26966 3276 0.116601 1 0.136579 0.189767
236 2103 0.0695527 -1 0.452506 2233 0.0488341 1 0.23607 1008 0.483901 -1 0.165172 0.200147
237 2185 0.187062 1 0.448395 3108 0.0537686 1 0.114343 2281 0.235668 1 0.291711 0.190152
238 3974 0.0790398 1 0.436957 4062 0.1289 -1 0.303105 3909 0.174055 1 0.0975895 0.201286
239 2080 0.0250204 -1 0.447634 2245 0.0584482 1 0.119551 1418 0.543346 -1 0.287486 0.188113
240 613 0.356382 1 0.445361 1445 0.88044 -1 0.153476 1673 0.0331077 -1 0.240378 0.215569
241 2775 0.060443 -1 0.441859 204 0.260543 -1 0.250903 1856 0.277346 1 0.146875 0.207367
242 743 0.339753 -1 0.441282 2336 0.0190539 1 0.237437 1856 0.0210307 -1 0.16857 0.190248
243 1255 0.741975 1 0.451102 370 0.209526 1 0.124142 3088 0.131764 1 0.288215 0.177115
244 1808 0.126549 1 0.447456 1870 0.258282 -1 0.294448 1780 0.205889 1 0.107816 0.198021
245 3591 0.17328 1 0.444018 3621 0.168644 -1 0.102587 3085 0.0148037 -1 0.300127 0.197085
246 1827 0.103299 -1 0.450095 508 0.319245 1 0.195616 2310 0.149254 1 0.208242 0.194708
247 2968 0.094177 1 0.453522 1822 0.0120009 1 0.215383 2994 0.118268 1 0.191304 0.188839
248 3346 0.0517011 -1 0.438224 3373 0.0152876 1 0.190839 3312 0.0215104 -1 0.209435 0.202161
249 1697 0.136251 1 0.453131 1434 0.553747 1 0.142518 3999 0.0211506 -1 0.270658 0.175427
250 1469 0.600467 -1 0.451961 2970 0.27569 -1 0.286268 1151 0.594275 1 0.115942 0.198131
251 1499 0.745173 1 0.4439 2364 0.0855513 -1 0.12432 1497 0.757951 1 0.270205 0.214166
252 1378 0.643772 -1 0.449518 708 0.376277 -1 0.202635 4074 0.169374 1 0.198614 0.200133
253 177 0.191238 -1 0.446828 50 0.191035 1 0.151735 16 0.183549 -1 0.256218 0.186218
254 1457 0.776178 -1 0.443348 3992 0.0497176 1 0.339599 1488 0.723537 -1 0.0626942 0.197959
255 2228 0.149535 1 0.444363 2172 0.0894588 -1 0.105805 2659 0.122 1 0.294911 0.201241
256 3511 0.0257437 -1 0.448243 547 0.368081 -1 0.111814 2067 0.0221036 -1 0.298803 0.180707
257 1660 0.629618 -1 0.447878 3957 0.049077 1 0.275943 1721 0.198249 1 0.133557 0.183016
258 1094 0.513601 1 0.452039 1030 0.565294 -1 0.186055 1594 0.772115 1 0.221149 0.187769
259 1829 0.222126 1 0.451117 3303 0.171219 -1 0.101913 3203 0.124526 1 0.308478 0.181175
260 1956 0.173646 1 0.443638 3559 0.0602709 1 0.128361 3040 0.0246297 -1 0.273979 0.197862
261 3458 0.059748 1 0.449289 3362 0.215821 -1 0.221372 3333 0.124703 1 0.187823 0.183647
262 1098 0.49845 -1 0.448718 1187 0.484058 1 0.193975 1689 0.00715425 -1 0.203956 0.207047
263 2779 0.0967934 1 0.453605 634 0.319565 1 0.172458 3898 0.15132 1 0.233593 0.190156
264 3552 0.071893 -1 0.448062 3240 0.188985 -1 0.251619 1520 0.627481 -1 0.149988 0.199388
265 2293 0.200383 1 0.446666 1384 0.653941 1 0.052184 2111 0.00211136 -1 0.360842 0.175735
266 2314 0.0338471 1 0.434443 1301 0.818321 -1 0.3542 1012 0.462082 -1 0.0472751 0.199661
267 3824 0.123886 1 0.447373 3477 0.0645629 -1 0.115646 3956 0.158469 1 0.289077 0.192912
268 2631 0.127229 1 0.452919 2638 0.120369 -1 0.172438 2727 0.15375 1 0.236496 0.184187
269 3695 0.0316164 1 0.452261 3433 0.0996938 -1 0.324273 4051 0.150178 1 0.0871538 0.179035
270 2353 0.134354 1 0.449644 3911 0.0670011 1 0.131599 3743 0.00966961 -1 0.275055 0.188907
271 3034 0.0437289 1 0.446475 2220 0.044481 1 0.36357 1417 0.531874 -1 0.0486022 0.177497
272 1685 0.0465329 -1 0.445002 2715 0.135818 -1 0.125611 1351 0.507606 -1 0.280458 0.190122
273 2285 0.0835136 -1 0.449932 3883 0.0545302 1 0.194885 3525 0.130956 1 0.213365 0.185601
274 1596 0.641207 -1 0.453608 3643 0.0487833 1 0.27306 1894 0.239144 1 0.13418 0.187693
275 2361 0.0784046 1 0.457212 645 0.327483 1 0.229523 2458 0.128711 1 0.180406 0.18213
276 2486 0.0604009 -1 0.453404 625 0.364321 -1 0.21945 3528 0.146047 1 0.18583 0.191756
277 2478 0.118685 1 0.450393 3508 0.111587 -1 0.0950015 2168 0.179458 1 0.314012 0.184023
278 3798 0.0334623 1 0.444771 1477 0.86273 -1 0.303384 477 0.341457 1 0.103196 0.189061
279 3729 0.0333347 -1 0.447564 1375 0.531894 -1 0.116352 4004 0.191489 1 0.289527 0.190515
280 3070 0.0793455 1 0.45015 3425 0.0145249 1 0.246538 226 0.312174 1 0.158899 0.191432
281 3749 0.0539073 -1 0.452577 3467 0.0119473 1 0.164779 2342 0.211314 1 0.244999 0.182443
282 3780 0.107096 1 0.451324 3107 0.0775495 1 0.122324 3167 0.0715564 -1 0.29048 0.176193
283 3309 0.105884 1 0.453497 1966 0.0921921 1 0.163578 3311 0.100042 1 0.24005 0.195184
284 2894 0.0393007 -1 0.452597 1534 0.617323 -1 0.134285 2929 0.0287437 -1 0.274626 0.184233
285 3518 0.0402021 1 0.446784 2754 0.161446 -1 0.281394 3963 0.0948638 1 0.125756 0.187879
286 932 0.518905 1 0.449242 2462 0.0206067 1 0.149788 1759 0.0249848 -1 0.251047 0.200994
287 2189 0.109885 1 0.452304 3674 0.121124 -1 0.200002 2943 0.0284336 -1 0.202114 0.198328
288 1681 0.105849 -1 0.44757 1940 0.132884 1 0.21291 2495 0.00449797 -1 0.192419 0.191654
289 3404 0.0584585 1 0.449429 1979 0.136304 -1 0.204109 3471 0.106517 1 0.199764 0.194677
290 1809 0.198551 1 0.450964 2324 0.0601478 1 0.221273 660 0.312009 -1 0.185532 0.188596
291 1424 0.600441 -1 0.452576 2186 0.0816304 1 0.103578 1361 0.630972 -1 0.299536 0.196252
292 1925 0.0744138 1 0.451284 3969 0.114632 -1 0.357279 332 0.304737 1 0.058304 0.170466
293 2215 0.155124 1 0.448932 1732 0.0520031 1 0.1549 2801 0.0950047 1 0.247699 0.197324
294 2770 0.0371092 -1 0.450378 3151 0.0526566 1 0.129136 212 0.12292 -1 0.270275 0.20396
295 3559 0.038048 1 0.437017 315 0.169709 1 0.37799 3529 0.0763906 1 0.0246332 0.197273
296 2257 0.167041 1 0.436294 2418 0.138543 -1 0.0576778 1832 0.0291503 -1 0.345249 0.196643
297 614 0.327744 1 0.445875 2274 0.145067 -1 0.335341 549 0.327253 1 0.0684177 0.194913
298 611 0.325188 -1 0.445235 630 0.325946 1 0.111913 1678 0.333299 1 0.295604 0.18712
299 1006 0.526948 -1 0.43919 1350 0.862055 -1 0.328122 614 0.374226 1 0.0708291 0.204919
300 2469 0.176509 1 0.440194 2949 0.0265961 1 0.0377396 2165 0.167374 1 0.369148 0.188423
301 2195 0.0823653 -1 0.451382 2293 0.0608567 1 0.17378 2325 0.0701293 -1 0.223118 0.209204
302 2244 0.0738737 1 0.449788 3145 0.198215 -1 0.328537 2308 0.139398 1 0.0829586 0.178894
303 3308 0.217008 1 0.444461 2663 0.0665309 1 0.0545724 3296 0.00867874 -1 0.35151 0.190092
304 3265 0.0344735 1 0.449121 1880 0.0974747 1 0.316559 3846 0.122421 1 0.0882019 0.192834
305 3192 0.102863 1 0.447601 1936 0.106241 1 0.140281 3775 0.00456859 -1 0.264146 0.193527
306 3007 0.106881 -1 0.450677 3131 0.051805 1 0.223962 2972 0.155062 -1 0.173429 0.208174
307 4041 0.175713 1 0.451754 151 0.317409 -1 0.135633 2663 0.203635 1 0.271219 0.188499
308 127 0.301146 1 0.451138 1746 0.0838669 1 0.117868 1453 0.579576 -1 0.29221 0.181821
309 1453 0.699388 1 0.450322 1260 0.735224 -1 0.170847 3119 0.214379 1 0.228951 0.203154
310 3390 0.0273324 1 0.443626 3131 0.0937105 1 0.312402 2943 3.11061e-10 -1 0.0919767 0.193627
311 2776 0.0796581 -1 0.449919 1462 0.604672 1 0.285321 4128 0.15675 1 0.122961 0.185535
312 4021 0.157286 1 0.446572 625 0.347193 -1 0.0974797 3885 0.166832 1 0.302206 0.203386
313 3289 0.267889 -1 0.446938 1663 0.649571 -1 0.361602 4154 0.00116388 -1 0.0508164 0.176989
314 3524 0.126813 1 0.449744 3426 0.144697 -1 0.129864 3588 0.134756 1 0.27742 0.187603
315 2968 0.0719821 1 0.447067 3354 0.101504 -1 0.264122 2429 0.012621 -1 0.142374 0.189235
316 210 0.238689 -1 0.447205 3148 0.144106 -1 0.27112 2976 0.00198485 -1 0.136715 0.186462
317 183 0.256006 1 0.454815 357 0.195572 1 0.144081 2389 0.0554166 -1 0.265848 0.182129
318 2298 0.0849114 1 0.450972 1911 0.171817 1 0.1819 2262 0.161596 1 0.219943 0.198895
319 646 0.349607 1 0.451246 1079 0.551203 -1 0.205619 1031 0.482338 -1 0.192375 0.206916
320 1217 0.514378 1 0.446768 738 0.352997 -1 0.171829 1661 0.770329 1 0.226396 0.206432
321 1427 0.763512 -1 0.445686 3794 0.0345799 1 0.300514 1425 0.680594 -1 0.102923 0.195582
322 4128 0.0218223 -1 0.451787 2810 0.026734 1 0.09959 1254 0.821592 1 0.312844 0.176957
323 1938 0.115927 1 0.446294 402 0.330539 -1 0.342029 1902 0.241935 1 0.070894 0.175947
324 1683 0.0289821 -1 0.437722 3407 0.150596 -1 0.0663621 2789 0.00905964 -1 0.341503 0.186399
325 1901 0.171986 -1 0.442721 613 0.323684 1 0.235023 4042 0.0980968 -1 0.158617 0.216018
326 3147 0.0379724 -1 0.448022 3182 0.0181081 1 0.13489 4077 0.167142 1 0.272189 0.188026
327 520 0.335875 -1 0.448449 1096 0.520699 -1 0.20152 686 0.402144 1 0.20227 0.194851
328 992 0.498199 1 0.448521 2871 0.105692 -1 0.253542 3861 0.161127 1 0.152091 0.191026
329 2451 0.108488 1 0.452855 709 0.310794 1 0.113095 2840 0.0849879 1 0.30284 0.169741
330 4146 0.0599701 -1 0.452039 3003 0.0863827 1 0.190365 3719 0.0272077 -1 0.219917 0.1814
331 3910 0.0969479 1 0.449911 2663 0.0504198 1 0.228608 1574 0.756024 1 0.178861 0.187219
332 1454 0.665617 -1 0.449734 1360 0.668493 1 0.196551 1424 0.575547 -1 0.205114 0.199265
333 1477 0.833444 -1 0.442774 4043 0.0458411 1 0.348387 959 0.564994 1 0.0594828 0.186388
334 1342 0.345082 -1 0.449954 2398 0.00995991 1 0.104574 2495 0.00924118 -1 0.301059 0.191024
335 2172 0.0512381 1 0.450973 1861 0.0966978 1 0.174229 2160 0.147946 1 0.236129 0.181243
336 2512 0.0770472 -1 0.45032 613 0.328087 1 0.244428 2198 0.054243 -1 0.156537 0.200723
337 609 0.330471 -1 0.446519 376 0.227405 1 0.199873 2018 0.238464 1 0.204607 0.193416
338 2849 0.0586816 1 0.450036 3623 0.0750661 1 0.212482 1442 0.359855 -1 0.190238 0.197072
339 204 0.238201 -1 0.446987 3992 0.02829 1 0.243055 242 0.217174 -1 0.154979 0.206832
340 2108 0.0312498 -1 0.447307 722 0.326786 1 0.171238 3072 0.0126248 -1 0.236205 0.187271
341 1076 0.48815 -1 0.448505 2263 0.0310129 1 0.127701 3137 0.138827 1 0.272248 0.202838
342 2880 0.0518037 -1 0.449903 1799 0.277374 -1 0.20154 882 0.5867 1 0.209592 0.179645
343 3515 0.0993757 1 0.450151 3375 0.024915 1 0.198033 106 0.304032 1 0.210108 0.185827
344 1331 0.671413 -1 0.450369 3174 0.182397 -1 0.209587 3018 0.0314872 -1 0.197232 0.188567
345 1444 0.772713 1 0.449665 1318 0.787721 -1 0.176991 1380 0.788894 1 0.224275 0.200096
346 1748 0.154079 1 0.451841 2827 0.0182265 1 0.205809 1942 0.202845 1 0.198737 0.193279
347 2005 0.067469 -1 0.44244 1816 0.0837088 1 0.0782279 1636 0.845713 1 0.322372 0.201484
348 1410 0.735622 -1 0.44003 633 0.363896 -1 0.288265 1820 0.0119152 -1 0.110114 0.206113
349 645 0.349746 1 0.445829 2695 0.0642184 1 0.201271 582 0.356267 1 0.19604 0.208341
350 551 0.33886 -1 0.442306 4122 0.0253789 1 0.195418 3040 0.0150028 -1 0.207876 0.195879
351 3651 0.0456507 1 0.449053 3964 0.114857 -1 0.285506 4085 0.17049 1 0.121947 0.187252
352 3975 0.157877 1 0.443391 3691 0.120661 -1 0.118424 2262 0.225926 1 0.286424 0.192653
353 221 0.253998 1 0.44966 1000 0.534732 -1 0.259451 238 0.144496 -1 0.142817 0.198012
354 554 0.348148 1 0.44088 104 0.204408 1 0.133424 1079 0.47169 -1 0.258832 0.218919
355 661 0.327788 1 0.441981 1082 0.480935 1 0.247194 1869 0.0738387 -1 0.151846 0.204735
356 3571 0.0447942 -1 0.449289 3107 0.0435405 1 0.181636 2257 0.19352 1 0.220365 0.198569
357 2994 0.0910186 1 0.451041 1806 0.0702571 1 0.156584 1507 0.54646 -1 0.253763 0.181265
358 2663 0.134955 1 0.450938 2666 0.115118 -1 0.164449 3328 0.000802929 -1 0.2406 0.192236
359 447 0.352505 -1 0.444731 2184 0.0627918 1 0.356384 991 0.634731 1 0.0511388 0.187108
360 2224 0.0671605 -1 0.449888 2127 0.0426701 1 0.13065 1482 0.597713 -1 0.261231 0.219706
361 3911 0.127097 1 0.446961 1299 0.737565 -1 0.116248 3815 0.125788 1 0.294514 0.180408
362 1812 0.146154 1 0.448427 1905 0.369061 -1 0.302871 1710 0.0605618 -1 0.106526 0.183229
363 3060 0.162951 1 0.442173 3402 0.0177862 1 0.0358784 2912 5.27292e-09 -1 0.378269 0.173423
364 1925 0.0878232 1 0.439649 2862 0.129776 -1 0.32594 2337 0.0939793 1 0.0781124 0.194304
365 2692 0.12296 1 0.452373 2529 0.125341 -1 0.159628 2284 0.156654 1 0.244008 0.195169
366 4043 0.0890168 1 0.455158 1617 0.772203 -1 0.263732 3914 0.139844 1 0.14025 0.194449
367 208 0.157057 -1 0.450579 2432 0.0878028 -1 0.0808845 1325 0.840527 1 0.323805 0.192982
368 314 0.165254 1 0.440535 179 0.311815 -1 0.383846 758 0.321949 -1 0.0258386 0.182634
369 3359 0.00417065 -1 0.438731 1311 0.115696 1 0.023159 1533 0.325098 -1 0.390529 0.174369
370 2235 0.0479155 1 0.451072 4053 0.0574647 1 0.237905 1576 0.787567 1 0.166466 0.193644
371 4134 0.0675051 -1 0.449534 3942 0.0564637 1 0.202566 3630 0.0522167 -1 0.204118 0.188846
372 3977 0.0875266 -1 0.450645 2387 0.0584968 1 0.153068 4038 0.05545 -1 0.255655 0.184623
373 2529 0.0324232 1 0.454093 414 0.331034 -1 0.295145 3775 0.0066119 -1 0.113883 0.183992
374 3957 0.172614 1 0.441011 2810 0.0261267 1 0.0792365 4051 0.234818 1 0.324354 0.195264
375 1407 0.469993 -1 0.442987 3205 0.175734 -1 0.213087 3088 0.108807 1 0.184416 0.207939
376 2782 0.0776982 1 0.450455 3740 0.0344298 1 0.138945 3349 0.0320623 -1 0.262846 0.199004
377 2488 0.0442712 -1 0.454909 3895 0.0326205 1 0.171901 3201 0.201815 1 0.236319 0.185665
378 1510 0.706128 1 0.452202 1994 0.0699402 1 0.277636 1478 0.739948 1 0.130337 0.186175
379 2485 0.164367 1 0.440788 1202 0.532471 -1 0.0302651 2815 0.0109941 -1 0.379117 0.18326
380 3227 0.0424608 1 0.443803 2596 0.231736 -1 0.377992 1448 0.512095 -1 0.0363826 0.172956
381 2086 0.0225873 -1 0.44141 1714 0.0280247 1 0.0729761 2513 0.00761741 -1 0.337128 0.181768
382 4065 0.0550006 1 0.447099 3508 0.0987547 -1 0.232307 4122 0.124643 1 0.175351 0.186827
383 1505 0.712524 -1 0.452108 1519 0.597864 1 0.294085 1091 0.553373 1 0.119451 0.174683
384 1484 0.650835 -1 0.451087 3024 0.036212 1 0.18682 1583 0.597538 -1 0.217449 0.193854
385 2659 0.107797 1 0.452301 2607 0.0903724 -1 0.200731 3802 0.164556 1 0.210084 0.1803
386 1061 0.492795 1 0.452839 1030 0.579746 -1 0.322689 801 0.314254 -1 0.085139 0.186476
387 1858 0.222059 1 0.436936 1892 0.25081 -1 0.0673566 1096 0.465308 -1 0.334746 0.198355
388 959 0.4796 1 0.451994 1614 0.492879 1 0.378965 1489 0.523253 -1 0.0390944 0.165373
389 4159 0.00722695 -1 0.44058 361 0.24183 1 0.0503784 2067 0.0290284 -1 0.361084 0.178961
390 2035 0.101305 1 0.446201 3406 0.115629 -1 0.262072 256 0.238665 -1 0.149626 0.178475
391 3534 0.0975351 1 0.45073 3810 0.117672 -1 0.139566 3439 0.102819 1 0.266183 0.190782
392 1848 0.190967 1 0.452842 2967 0.0216564 1 0.209629 2470 0.0357296 -1 0.199894 0.182969
393 4008 0.177013 1 0.453035 4107 0.176757 -1 0.138078 4072 0.188814 1 0.268722 0.188606
394 3408 0.0935413 -1 0.449967 1032 0.531065 -1 0.31277 2125 0.128179 1 0.102391 0.171334
395 581 0.358932 1 0.445456 2212 0.0838771 1 0.124449 1829 0.274596 1 0.282646 0.187995
396 355 0.193441 1 0.452122 3497 0.0447623 1 0.351182 1635 0.566875 -1 0.0541499 0.191648
397 1513 0.662532 -1 0.452412 683 0.322902 1 0.165905 1247 0.546856 1 0.240583 0.189251
398 585 0.339034 -1 0.446168 613 0.314834 1 0.219637 1466 0.773249 1 0.181018 0.201367
399 2217 0.133113 1 0.446002 2339 0.148024 -1 0.208622 3570 0.0177366 -1 0.199063 0.186772
400 1535 0.454664 -1 0.447058 2749 0.0342757 1 0.201346 1582 0.838756 1 0.200435 0.199025
401 1017 0.50223 -1 0.45537 1401 0.60009 1 0.204821 3413 0.111389 1 0.204018 0.184384
402 597 0.342342 1 0.453841 697 0.3641 -1 0.156516 652 0.355065 1 0.243539 0.202618
403 2684 0.12564 -1 0.445863 3035 0.0628323 1 0.333386 2469 0.141639 1 0.0760955 0.183055
404 3007 0.0600641 -1 0.452359 3975 0.237604 -1 0.146873 3773 0.00421184 -1 0.265777 0.176511
405 2622 0.0577548 1 0.446981 3225 0.197019 -1 0.20236 1678 0.0216219 -1 0.203214 0.191148
406 1489 0.752947 -1 0.450714 1524 0.517644 1 0.319174 3631 0.0503576 -1 0.0890629 0.18563
407 3826 0.132309 1 0.436777 3415 0.0819247 -1 0.100239 863 0.588692 1 0.299618 0.203029
408 625 0.346107 -1 0.443273 1458 0.820275 -1 0.282516 1442 0.811745 1 0.123821 0.189564
409 3761 0.0470432 -1 0.448117 4010 0.0551473 1 0.151514 1512 0.805536 1 0.256939 0.185182
410 1653 0.537781 -1 0.452646 241 0.279005 -1 0.146098 2132 0.117935 1 0.252436 0.205788
411 191 0.27154 1 0.449019 836 0.475784 1 0.225375 401 0.146414 -1 0.182728 0.185906
412 3993 0.104348 1 0.447702 1449 0.720614 -1 0.179244 4117 0.123063 1 0.219311 0.205744
413 2099 0.0734524 -1 0.45285 2233 0.0491658 1 0.227569 2097 0.0555036 -1 0.177992 0.191175
414 2631 0.141561 1 0.45384 1829 0.0715653 1 0.147767 3953 0.124363 1 0.254697 0.197604
415 1276 0.568119 -1 0.452582 2846 0.0259522 1 0.232675 1205 0.482054 -1 0.177263 0.182112
416 175 0.203558 -1 0.452479 284 0.153579 1 0.177358 2191 0.150025 1 0.228718 0.190105
417 2271 0.0243158 -1 0.449289 716 0.32224 1 0.133331 629 0.314553 -1 0.275678 0.184032
418 1408 0.689731 -1 0.447262 677 0.383186 -1 0.268361 1420 0.545661 -1 0.130788 0.204505
419 614 0.364802 1 0.423223 1911 0.105309 1 0.117588 3167 0.0307763 -1 0.262451 0.244691
420 3614 0.0565942 1 0.443697 1613 0.504775 1 0.218372 2168 0.176198 1 0.189356 0.186684
421 3559 0.124509 1 0.45194 2627 0.038438 1 0.185118 2280 0.205052 1 0.222827 0.186233
422 19 0.253228 1 0.450036 3975 0.0587423 1 0.200493 3146 0.0168898 -1 0.210876 0.179155
423 2701 0.0490805 1 0.453981 2638 0.0912504 -1 0.267216 3119 0.10104 1 0.139864 0.188025
424 1373 0.509852 -1 0.4546 2715 0.0490893 1 0.207157 3253 0.0949936 1 0.204021 0.179549
425 1664 0.169998 1 0.448147 3604 0.0947066 -1 0.097518 2300 0.0149196 -1 0.305174 0.19713
426 3378 0.105135 -1 0.446277 1427 0.513621 1 0.333226 2186 0.163653 1 0.0736362 0.188476
427 2912 0.24674 1 0.44246 2436 0.0529126 1 0.0518601 2912 0.00610337 -1 0.361224 0.175614
428 2532 0.0535612 1 0.449224 3792 0.038574 1 0.245028 2935 0.142899 1 0.164429 0.183105
429 1347 0.690199 -1 0.451729 4051 0.0444084 1 0.240379 3088 0.0303668 -1 0.162077 0.19762
430 4082 0.0574787 -1 0.447035 294 0.213083 1 0.126392 3026 0.198032 1 0.282378 0.184525
431 1413 0.729191 1 0.448807 2537 0.138355 -1 0.252055 2725 0.117716 1 0.152835 0.192563
432 1489 0.565341 -1 0.454013 2002 0.0691623 1 0.0788957 2261 0.147434 1 0.338336 0.167074
433 1976 0.142865 1 0.451325 1368 0.703333 -1 0.233802 2481 0.0238407 -1 0.180469 0.173168
434 4112 0.0349903 1 0.447957 86 0.303435 -1 0.341956 3732 0.116547 1 0.0731058 0.171538
435 3743 0.0101152 -1 0.44873 3291 0.0106326 1 0.0426773 1645 0.823811 1 0.375218 0.16571
436 1478 0.864589 -1 0.441829 1758 0.0104199 1 0.387962 4067 0.139563 1 0.0228211 0.180364
437 1695 0.00903479 -1 0.444176 1327 0.79504 -1 0.0693643 2495 0.00655112 -1 0.3426 0.177925
438 1812 0.202513 1 0.448126 1839 0.241668 -1 0.238406 1840 0.214311 1 0.169281 0.186768
439 2462 0.0218516 1 0.449711 1471 0.700479 -1 0.278821 1947 0.103918 1 0.122718 0.199529
440 3556 0.119741 1 0.444916 2497 0.0257911 1 0.17708 3524 0.140841 1 0.221007 0.206723
441 4147 0.0731642 -1 0.447658 3988 0.0505221 1 0.22166 4150 0.0645415 -1 0.179584 0.200144
442 1893 0.192275 1 0.451083 2376 0.0310339 1 0.116946 2012 0.013941 -1 0.286229 0.196126
443 1037 0.509773 -1 0.452053 2447 0.0294745 1 0.260446 3723 0.0293629 -1 0.149546 0.181999
444 646 0.35181 1 0.446408 640 0.365326 -1 0.192915 4024 0.225275 1 0.208646 0.199483
445 648 0.332147 -1 0.442913 1360 0.541521 1 0.158202 959 0.511693 1 0.242841 0.20056
446 1449 0.470389 -1 0.44231 834 0.481856 1 0.0348039 3763 0.149015 1 0.373368 0.185764
447 1789 0.0980692 -1 0.444891 3389 0.024676 1 0.313646 3903 0.0206345 -1 0.0896265 0.195923
448 852 0.503421 -1 0.44732 1245 0.504842 -1 0.198694 1027 0.581736 1 0.20375 0.197646
449 1088 0.496933 1 0.450422 1030 0.579562 -1 0.271302 349 0.304407 1 0.1331 0.19358
450 3071 0.0308988 -1 0.439119 1709 0.0442933 1 0.0694597 2496 0.0157971 -1 0.338131 0.186966
451 2244 0.105455 1 0.450934 2304 0.11231 -1 0.231478 1348 0.770172 1 0.165739 0.208536
452 2750 0.0958459 1 0.450182 3000 0.0586813 1 0.0923111 2774 0.0194538 -1 0.317574 0.182221
453 3224 0.0444845 1 0.445439 2218 0.0587519 1 0.279366 1499 0.745587 1 0.12716 0.189172
454 1419 0.628069 -1 0.445563 1356 0.617041 1 0.136731 1324 0.606621 -1 0.255698 0.218557
455 2916 0.0889519 1 0.455274 1969 0.0787584 1 0.213808 3184 0.123746 1 0.195258 0.183914
456 2154 0.156432 1 0.450667 2643 0.103101 -1 0.114363 2310 0.130292 1 0.295182 0.182923
457 1631 0.450316 -1 0.45073 1927 0.275054 -1 0.206185 2145 0.0907995 1 0.204336 0.180906
458 2018 0.212982 1 0.442006 779 0.368911 -1 0.083983 1443 0.586632 -1 0.322844 0.188549
459 3107 0.165592 1 0.444924 3972 0.0532463 1 0.14022 1740 0.311455 1 0.269082 0.183427
460 3372 0.0391559 1 0.447916 3654 0.0331686 1 0.27642 324 0.30234 1 0.134184 0.180734
461 1685 0.0330209 -1 0.448882 2263 0.0441369 1 0.0898648 1748 0.0536501 -1 0.315329 0.191935
462 1748 0.154079 1 0.446943 3291 0.295366 -1 0.21285 1941 0.231142 1 0.186752 0.203561
463 4041 0.1687 1 0.452574 279 0.318563 -1 0.147733 2458 0.102138 1 0.265439 0.175433
464 2074 0.0340899 -1 0.449733 2554 0.158644 -1 0.132512 1581 0.607599 -1 0.276061 0.184934
465 2080 0.0341985 -1 0.456368 2124 0.0488924 1 0.158195 3744 0.0215847 -1 0.252347 0.180862
466 1696 0.0497327 1 0.444853 2234 0.0303078 1 0.271451 3977 0.159628 1 0.130493 0.198687
467 3960 0.144965 1 0.449382 3996 0.112591 -1 0.0983216 4088 0.122212 1 0.308354 0.188862
468 3098 0.0941964 1 0.451055 26 0.218446 1 0.272658 3003 0.165714 1 0.128143 0.201065
469 1417 0.688871 -1 0.450366 614 0.327189 1 0.214532 1520 0.571124 -1 0.19105 0.191129
470 2691 0.118871 1 0.45028 2722 0.148974 -1 0.158873 2823 0.150449 1 0.245193 0.194276
471 1039 0.515882 -1 0.447295 1939 0.116221 1 0.293244 1867 0.192691 1 0.114596 0.186453
472 3188 0.0991256 1 0.450688 2597 0.151096 -1 0.0905441 240 0.157258 -1 0.318955 0.183017
473 375 0.227398 1 0.450112 3130 0.230445 -1 0.265647 2130 0.104834 1 0.146628 0.177285
474 1375 0.42301 -1 0.450495 1631 0.205233 1 0.185343 2365 0.00605993 -1 0.227952 0.175179
475 4007 0.157622 1 0.450878 2314 0.0533891 1 0.139998 4077 0.125195 1 0.266365 0.18951
476 2924 0.0996237 1 0.451956 1803 0.105794 1 0.16296 3085 0.143617 1 0.239946 0.196687
477 3479 0.0624515 -1 0.446225 243 0.279401 -1 0.244768 1098 0.475594 -1 0.150952 0.211666
478 1647 0.583786 -1 0.447405 3910 0.0545378 1 0.146262 3263 0.0287324 -1 0.259013 0.191767
479 3546 0.0577413 1 0.451087 2811 0.0388613 1 0.305584 2207 0.0202391 -1 0.106706 0.177253
480 2216 0.206878 1 0.441273 2246 0.221599 -1 0.103314 3875 0.0351671 -1 0.295566 0.205067
481 317 0.247655 1 0.454454 1183 0.482866 1 0.28575 3455 0.0105343 -1 0.125799 0.178783
482 3991 0.177047 1 0.448816 3921 0.208328 -1 0.0686555 1579 0.808026 1 0.336017 0.193016
483 1546 0.777626 -1 0.450065 3467 0.0125354 1 0.296397 3754 0.213614 1 0.118748 0.171369
484 1765 0.179077 1 0.44792 1398 0.623294 1 0.141562 1792 0.125531 1 0.267197 0.184549
485 2220 0.124674 1 0.452212 1330 0.801576 -1 0.175162 2277 0.134722 1 0.231351 0.189199
486 2293 0.223652 1 0.443666 2330 0.154181 -1 0.036155 3624 0.172331 1 0.377691 0.174043
487 2022 0.107934 1 0.450498 2178 0.152281 -1 0.234055 3151 0.179167 1 0.176751 0.180317
488 30 0.275653 -1 0.450021 1380 0.855339 -1 0.214392 3950 0.148637 1 0.192294 0.18884
489 2464 0.0285735 -1 0.4466 3649 0.038357 1 0.123065 3359 0.121199 1 0.286766 0.182332
490 2951 0.233171 -1 0.450902 3407 0.145958 -1 0.376772 3016 0.0577567 -1 0.0398986 0.168228
491 1735 0.0566016 -1 0.441364 2610 0.0251399 1 0.0739921 3767 0.190194 1 0.331396 0.191531
492 3690 0.129374 -1 0.450664 1796 0.0584696 1 0.355619 1342 0.292873 -1 0.0604881 0.169386
493 4133 0.0226279 -1 0.451101 3684 0.00743774 1 0.0586072 3168 0.00836663 -1 0.353827 0.176956
494 2849 0.0294393 1 0.443599 1476 0.854915 -1 0.305128 2880 0.00327181 -1 0.100497 0.191041
495 2977 0.141608 1 0.45059 1699 0.0411528 1 0.12463 2233 0.144382 1 0.28588 0.180929
496 2090 0.0682158 -1 0.455721 3799 0.0210223 1 0.18796 2219 0.0647538 -1 0.220435 0.185302
497 2968 0.0928096 1 0.452959 58 0.190003 1 0.222126 2994 0.118268 1 0.188366 0.180966
498 1708 0.196006 1 0.44585 1611 0.399006 1 0.160553 3354 0.03622 -1 0.252913 0.174828
499 2385 0.151555 1 0.455435 2355 0.253286 -1 0.0973563 2422 0.132504 1 0.319233 0.168395
